{"labels":[{"exchange":"EX_btn_e","name":"Biotin"},{"exchange":"EX_asn__L_e","name":"L-Asparagine"},{"exchange":"EX_gln__L_e","name":"L-Glutamine"},{"exchange":"EX_4abz_e","name":"4-Aminobenzoate"},{"exchange":"EX_uri_e","name":"Uridine"},{"exchange":"EX_ins_e","name":"Inosine"},{"exchange":"EX_thymd_e","name":"Thymidine C10H14N2O5"},{"exchange":"EX_ascb__L_e","name":"L-Ascorbate"},{"exchange":"EX_cbl1_e","name":"Cob(I)alamin"},{"exchange":"EX_asp__L_e","name":"L-Aspartate"},{"exchange":"EX_trp__L_e","name":"L-Tryptophan"},{"exchange":"EX_arg__L_e","name":"L-Arginine"},{"exchange":"EX_his__L_e","name":"L-Histidine"},{"exchange":"EX_ile__L_e","name":"L-Isoleucine"},{"exchange":"EX_leu__L_e","name":"L-Leucine"},{"exchange":"EX_thr__L_e","name":"L-Threonine"},{"exchange":"EX_met__L_e","name":"L-Methionine"},{"exchange":"EX_lys__L_e","name":"L-Lysine"},{"exchange":"EX_glu__L_e","name":"L-Glutamate"},{"exchange":"EX_tyr__L_e","name":"L-Tyrosine"},{"exchange":"EX_pro__L_e","name":"L-Proline"},{"exchange":"EX_gly_e","name":"Glycine"},{"exchange":"EX_ala__L_e","name":"L-Alanine"},{"exchange":"EX_cys__L_e","name":"L-Cysteine"},{"exchange":"EX_ser__L_e","name":"L-Serine"},{"exchange":"EX_phe__L_e","name":"L-Phenylalanine"},{"exchange":"EX_val__L_e","name":"L-Valine"},{"exchange":"EX_pnto__R_e","name":"(R)-Pantothenate"},{"exchange":"EX_fol_e","name":"Folate"},{"exchange":"EX_co2_e","name":"CO2 CO2"},{"exchange":"EX_pydxn_e","name":"Pyridoxine"},{"exchange":"EX_phllqne_e","name":"Vitamin K (phylloquinone)"},{"exchange":"EX_avite1_e","name":"Alpha-Tocopherol"},{"exchange":"EX_chol_e","name":"Choline C5H14NO"},{"exchange":"EX_retinol_e","name":"All-trans-Retinol"},{"exchange":"EX_lnlnca_e","name":"PUFA 18:3"},{"exchange":"EX_hdca_e","name":"Hexadecanoate (n-C16:0)"},{"exchange":"EX_ocdca_e","name":"Octadecanoate (n-C18:0)"},{"exchange":"EX_lnlc_e","name":"PUFA 18:2"},{"exchange":"EX_ocdcea_e","name":"Octadecenoate (n-C18:1)"},{"exchange":"EX_ttdca_e","name":"Tetradecanoate (n-C14:0)"},{"exchange":"EX_hdcea_e","name":"MUFA 16:1"},{"exchange":"EX_slnt_e","name":"Selenite"},{"exchange":"EX_nh4_e","name":"Ammonium"},{"exchange":"EX_fe3_e","name":"Iron (Fe3+)"},{"exchange":"EX_ddca_e","name":"Dodecanoate (n-C12:0)"},{"exchange":"EX_choles_e","name":"Cholesterol"},{"exchange":"EX_arachd_e","name":"Arachidonic acid"}],"matrix":[[1.0,0.878000020980835,0.8799999952316284,0.9190000295639038,0.9100000262260437,0.9120000004768372,0.9110000133514404,0.024000000208616257,0.4269999861717224,0.39800000190734863,0.39399999380111694,0.38999998569488525,0.38999998569488525,0.38999998569488525,0.38999998569488525,0.38999998569488525,0.3889999985694885,0.3880000114440918,0.3930000066757202,0.39100000262260437,0.3919999897480011,0.3919999897480011,0.3919999897480011,0.39899998903274536,0.3930000066757202,0.3930000066757202,0.3919999897480011,0.3499999940395355,0.3490000069141388,0.2809999883174896,0.32899999618530273,0.017999999225139618,0.01600000075995922,0.014999999664723873,0.01600000075995922,0.014000000432133675,0.0020000000949949026,0.0020000000949949026,0.014000000432133675,0.017000000923871994,0.0010000000474974513,0.0010000000474974513,0.0820000022649765,0.19599999487400055,0.050999999046325684,0.0010000000474974513,0.008999999612569809,0.004999999888241291],[0.878000020980835,1.0,0.9890000224113464,0.9369999766349792,0.9430000185966492,0.9430000185966492,0.9419999718666077,0.00800000037997961,0.4189999997615814,0.4090000092983246,0.39899998903274536,0.4000000059604645,0.39899998903274536,0.39899998903274536,0.39899998903274536,0.4000000059604645,0.39800000190734863,0.39800000190734863,0.4000000059604645,0.4009999930858612,0.40299999713897705,0.4020000100135803,0.4020000100135803,0.42500001192092896,0.41999998688697815,0.41999998688697815,0.4189999997615814,0.3370000123977661,0.3319999873638153,0.26600000262260437,0.3100000023841858,0.007000000216066837,0.003000000026077032,0.004999999888241291,0.003000000026077032,0.0020000000949949026,0.0010000000474974513,0.0010000000474974513,0.003000000026077032,0.006000000052154064,0.0,0.0010000000474974513,0.06700000166893005,0.1860000044107437,0.03500000014901161,0.0,0.0010000000474974513,0.0010000000474974513],[0.8799999952316284,0.9890000224113464,1.0,0.9449999928474426,0.949999988079071,0.9509999752044678,0.9490000009536743,0.006000000052154064,0.42100000381469727,0.4059999883174896,0.3959999978542328,0.3970000147819519,0.3970000147819519,0.3970000147819519,0.3970000147819519,0.3970000147819519,0.3959999978542328,0.3959999978542328,0.3970000147819519,0.39899998903274536,0.4000000059604645,0.39899998903274536,0.39899998903274536,0.4269999861717224,0.421999990940094,0.41999998688697815,0.42100000381469727,0.33500000834465027,0.33000001311302185,0.2639999985694885,0.30799999833106995,0.004000000189989805,0.0010000000474974513,0.003000000026077032,0.0,0.0010000000474974513,0.0010000000474974513,0.0010000000474974513,0.0010000000474974513,0.004000000189989805,0.0,0.0010000000474974513,0.06499999761581421,0.18400000035762787,0.032999999821186066,0.0,0.0,0.0010000000474974513],[0.9190000295639038,0.9369999766349792,0.9449999928474426,1.0,0.9879999756813049,0.9879999756813049,0.9890000224113464,0.006000000052154064,0.42899999022483826,0.3869999945163727,0.38100001215934753,0.3779999911785126,0.3779999911785126,0.37700000405311584,0.3779999911785126,0.3779999911785126,0.37700000405311584,0.37700000405311584,0.3799999952316284,0.3799999952316284,0.38100001215934753,0.3799999952316284,0.3799999952316284,0.40799999237060547,0.40400001406669617,0.4000000059604645,0.4009999930858612,0.3400000035762787,0.335999995470047,0.2669999897480011,0.31299999356269836,0.004000000189989805,0.0010000000474974513,0.0020000000949949026,0.0,0.0,0.0,0.0,0.0,0.004000000189989805,0.0,0.0,0.06599999964237213,0.1720000058412552,0.026000000536441803,0.0,0.0,0.0010000000474974513],[0.9100000262260437,0.9430000185966492,0.949999988079071,0.9879999756813049,1.0,0.9950000047683716,0.9950000047683716,0.006000000052154064,0.42899999022483826,0.3869999945163727,0.38100001215934753,0.3779999911785126,0.3790000081062317,0.3779999911785126,0.3779999911785126,0.3790000081062317,0.3779999911785126,0.3779999911785126,0.38100001215934753,0.3799999952316284,0.38100001215934753,0.38100001215934753,0.38100001215934753,0.40799999237060547,0.4059999883174896,0.4009999930858612,0.4020000100135803,0.33899998664855957,0.33399999141693115,0.2669999897480011,0.31200000643730164,0.004000000189989805,0.0010000000474974513,0.0020000000949949026,0.0,0.0,0.0010000000474974513,0.0010000000474974513,0.0,0.004000000189989805,0.0,0.0,0.06499999761581421,0.17000000178813934,0.02500000037252903,0.0,0.0,0.0010000000474974513],[0.9120000004768372,0.9430000185966492,0.9509999752044678,0.9879999756813049,0.9950000047683716,1.0,0.996999979019165,0.006000000052154064,0.42899999022483826,0.3880000114440918,0.38100001215934753,0.3790000081062317,0.3790000081062317,0.3790000081062317,0.3790000081062317,0.3790000081062317,0.3779999911785126,0.3779999911785126,0.38100001215934753,0.38100001215934753,0.38199999928474426,0.38199999928474426,0.38100001215934753,0.4090000092983246,0.4059999883174896,0.4009999930858612,0.4020000100135803,0.33899998664855957,0.33500000834465027,0.2669999897480011,0.31299999356269836,0.004000000189989805,0.0010000000474974513,0.0020000000949949026,0.0,0.0,0.0010000000474974513,0.0010000000474974513,0.0010000000474974513,0.004000000189989805,0.0,0.0010000000474974513,0.06499999761581421,0.17100000381469727,0.02500000037252903,0.0,0.0,0.0010000000474974513],[0.9110000133514404,0.9419999718666077,0.9490000009536743,0.9890000224113464,0.9950000047683716,0.996999979019165,1.0,0.006000000052154064,0.42899999022483826,0.3869999945163727,0.38100001215934753,0.3779999911785126,0.3779999911785126,0.3779999911785126,0.3779999911785126,0.3779999911785126,0.3779999911785126,0.37700000405311584,0.38100001215934753,0.3799999952316284,0.38100001215934753,0.38100001215934753,0.38100001215934753,0.4090000092983246,0.4050000011920929,0.4009999930858612,0.4020000100135803,0.33899998664855957,0.33399999141693115,0.2669999897480011,0.31200000643730164,0.004000000189989805,0.0010000000474974513,0.0020000000949949026,0.0,0.0,0.0010000000474974513,0.0010000000474974513,0.0010000000474974513,0.004000000189989805,0.0,0.0,0.06499999761581421,0.17100000381469727,0.02500000037252903,0.0,0.0,0.0010000000474974513],[0.024000000208616257,0.00800000037997961,0.006000000052154064,0.006000000052154064,0.006000000052154064,0.006000000052154064,0.006000000052154064,1.0,0.16500000655651093,0.22200000286102295,0.22200000286102295,0.22300000488758087,0.22300000488758087,0.2240000069141388,0.2240000069141388,0.2240000069141388,0.22499999403953552,0.22599999606609344,0.21899999678134918,0.22100000083446503,0.21799999475479126,0.21799999475479126,0.21899999678134918,0.18299999833106995,0.18199999630451202,0.1889999955892563,0.18700000643730164,0.3100000023841858,0.34700000286102295,0.35199999809265137,0.33899998664855957,0.39500001072883606,0.38499999046325684,0.37599998712539673,0.5289999842643738,0.4020000100135803,0.3840000033378601,0.37400001287460327,0.4189999997615814,0.41100001335144043,0.2980000078678131,0.30000001192092896,0.40400001406669617,0.3569999933242798,0.42899999022483826,0.2370000034570694,0.2240000069141388,0.14399999380111694],[0.4269999861717224,0.4189999997615814,0.42100000381469727,0.42899999022483826,0.42899999022483826,0.42899999022483826,0.42899999022483826,0.16500000655651093,1.0,0.6679999828338623,0.6819999814033508,0.6800000071525574,0.6800000071525574,0.6800000071525574,0.6800000071525574,0.6809999942779541,0.6790000200271606,0.6790000200271606,0.6840000152587891,0.6830000281333923,0.6840000152587891,0.6840000152587891,0.6830000281333923,0.6660000085830688,0.6790000200271606,0.6729999780654907,0.6740000247955322,0.6890000104904175,0.6759999990463257,0.6620000004768372,0.7120000123977661,0.25200000405311584,0.33799999952316284,0.2919999957084656,0.3269999921321869,0.38999998569488525,0.3869999945163727,0.39100000262260437,0.3919999897480011,0.39100000262260437,0.4169999957084656,0.4099999964237213,0.46700000762939453,0.5379999876022339,0.3970000147819519,0.34599998593330383,0.4950000047683716,0.37400001287460327],[0.39800000190734863,0.4090000092983246,0.4059999883174896,0.3869999945163727,0.3869999945163727,0.3880000114440918,0.3869999945163727,0.22200000286102295,0.6679999828338623,1.0,0.9559999704360962,0.9739999771118164,0.9739999771118164,0.972000002861023,0.9729999899864197,0.9729999899864197,0.968999981880188,0.9700000286102295,0.9760000109672546,0.9760000109672546,0.9789999723434448,0.9789999723434448,0.9789999723434448,0.9110000133514404,0.9190000295639038,0.9200000166893005,0.9160000085830688,0.7839999794960022,0.7459999918937683,0.7139999866485596,0.7570000290870667,0.2770000100135803,0.33899998664855957,0.31299999356269836,0.33899998664855957,0.4309999942779541,0.4180000126361847,0.41200000047683716,0.44200000166893005,0.4399999976158142,0.36800000071525574,0.375,0.5040000081062317,0.609000027179718,0.460999995470047,0.2639999985694885,0.3319999873638153,0.2800000011920929],[0.39399999380111694,0.39899998903274536,0.3959999978542328,0.38100001215934753,0.38100001215934753,0.38100001215934753,0.38100001215934753,0.22200000286102295,0.6819999814033508,0.9559999704360962,1.0,0.9779999852180481,0.9800000190734863,0.9800000190734863,0.9810000061988831,0.9800000190734863,0.9819999933242798,0.9819999933242798,0.9700000286102295,0.9769999980926514,0.9729999899864197,0.9729999899864197,0.972000002861023,0.9089999794960022,0.9150000214576721,0.9269999861717224,0.9240000247955322,0.800000011920929,0.7400000095367432,0.7289999723434448,0.7739999890327454,0.2750000059604645,0.35600000619888306,0.3100000023841858,0.35600000619888306,0.44699999690055847,0.4309999942779541,0.4269999861717224,0.4580000042915344,0.4560000002384186,0.382999986410141,0.3880000114440918,0.5210000276565552,0.621999979019165,0.4729999899864197,0.27799999713897705,0.34599998593330383,0.2939999997615814],[0.38999998569488525,0.4000000059604645,0.3970000147819519,0.3779999911785126,0.3779999911785126,0.3790000081062317,0.3779999911785126,0.22300000488758087,0.6800000071525574,0.9739999771118164,0.9779999852180481,1.0,0.996999979019165,0.9950000047683716,0.9959999918937683,0.996999979019165,0.9919999837875366,0.9929999709129333,0.9879999756813049,0.9929999709129333,0.9909999966621399,0.9909999966621399,0.9909999966621399,0.9160000085830688,0.9309999942779541,0.9409999847412109,0.9380000233650208,0.800000011920929,0.7390000224113464,0.7310000061988831,0.7739999890327454,0.2750000059604645,0.3540000021457672,0.3100000023841858,0.35499998927116394,0.4480000138282776,0.4350000023841858,0.42899999022483826,0.46000000834465027,0.4580000042915344,0.3840000033378601,0.39100000262260437,0.5220000147819519,0.6259999871253967,0.47699999809265137,0.27799999713897705,0.34599998593330383,0.2939999997615814],[0.38999998569488525,0.39899998903274536,0.3970000147819519,0.3779999911785126,0.3790000081062317,0.3790000081062317,0.3779999911785126,0.22300000488758087,0.6800000071525574,0.9739999771118164,0.9800000190734863,0.996999979019165,1.0,0.996999979019165,0.9980000257492065,0.996999979019165,0.9929999709129333,0.9940000176429749,0.9869999885559082,0.9929999709129333,0.9909999966621399,0.9909999966621399,0.9909999966621399,0.9160000085830688,0.9309999942779541,0.9419999718666077,0.9399999976158142,0.800000011920929,0.7390000224113464,0.7310000061988831,0.7739999890327454,0.27399998903274536,0.3540000021457672,0.3100000023841858,0.35600000619888306,0.4480000138282776,0.4350000023841858,0.42899999022483826,0.46000000834465027,0.4580000042915344,0.3840000033378601,0.39100000262260437,0.5220000147819519,0.6259999871253967,0.4779999852180481,0.27799999713897705,0.34599998593330383,0.2939999997615814],[0.38999998569488525,0.39899998903274536,0.3970000147819519,0.37700000405311584,0.3779999911785126,0.3790000081062317,0.3779999911785126,0.2240000069141388,0.6800000071525574,0.972000002861023,0.9800000190734863,0.9950000047683716,0.996999979019165,1.0,0.9980000257492065,0.9980000257492065,0.9929999709129333,0.9950000047683716,0.9869999885559082,0.9929999709129333,0.9890000224113464,0.9890000224113464,0.9890000224113464,0.9169999957084656,0.9300000071525574,0.9430000185966492,0.9409999847412109,0.8009999990463257,0.7400000095367432,0.7319999933242798,0.7749999761581421,0.2750000059604645,0.3540000021457672,0.3100000023841858,0.35600000619888306,0.4490000009536743,0.4350000023841858,0.4300000071525574,0.460999995470047,0.45899999141693115,0.3840000033378601,0.39100000262260437,0.5230000019073486,0.6269999742507935,0.4790000021457672,0.27799999713897705,0.34599998593330383,0.2939999997615814],[0.38999998569488525,0.39899998903274536,0.3970000147819519,0.3779999911785126,0.3779999911785126,0.3790000081062317,0.3779999911785126,0.2240000069141388,0.6800000071525574,0.9729999899864197,0.9810000061988831,0.9959999918937683,0.9980000257492065,0.9980000257492065,1.0,0.9990000128746033,0.9929999709129333,0.9950000047683716,0.9869999885559082,0.9929999709129333,0.9900000095367432,0.9900000095367432,0.9890000224113464,0.9169999957084656,0.9300000071525574,0.9430000185966492,0.9399999976158142,0.8009999990463257,0.7409999966621399,0.7319999933242798,0.7760000228881836,0.2750000059604645,0.35499998927116394,0.3109999895095825,0.35600000619888306,0.4490000009536743,0.4350000023841858,0.4300000071525574,0.460999995470047,0.45899999141693115,0.3840000033378601,0.39100000262260437,0.5230000019073486,0.6269999742507935,0.4790000021457672,0.27799999713897705,0.34599998593330383,0.2939999997615814],[0.38999998569488525,0.4000000059604645,0.3970000147819519,0.3779999911785126,0.3790000081062317,0.3790000081062317,0.3779999911785126,0.2240000069141388,0.6809999942779541,0.9729999899864197,0.9800000190734863,0.996999979019165,0.996999979019165,0.9980000257492065,0.9990000128746033,1.0,0.9929999709129333,0.9950000047683716,0.9869999885559082,0.9940000176429749,0.9900000095367432,0.9909999966621399,0.9900000095367432,0.9160000085830688,0.9309999942779541,0.9419999718666077,0.9399999976158142,0.800000011920929,0.7400000095367432,0.7319999933242798,0.7749999761581421,0.2750000059604645,0.35499998927116394,0.3109999895095825,0.35600000619888306,0.4490000009536743,0.4350000023841858,0.42899999022483826,0.460999995470047,0.45899999141693115,0.3840000033378601,0.39100000262260437,0.5230000019073486,0.6269999742507935,0.4779999852180481,0.27799999713897705,0.34599998593330383,0.2939999997615814],[0.3889999985694885,0.39800000190734863,0.3959999978542328,0.37700000405311584,0.3779999911785126,0.3779999911785126,0.3779999911785126,0.22499999403953552,0.6790000200271606,0.968999981880188,0.9819999933242798,0.9919999837875366,0.9929999709129333,0.9929999709129333,0.9929999709129333,0.9929999709129333,1.0,0.9950000047683716,0.9829999804496765,0.9900000095367432,0.9860000014305115,0.9869999885559082,0.9860000014305115,0.9150000214576721,0.9279999732971191,0.9390000104904175,0.9369999766349792,0.8009999990463257,0.7409999966621399,0.7329999804496765,0.7760000228881836,0.2750000059604645,0.35499998927116394,0.3109999895095825,0.35600000619888306,0.4490000009536743,0.4359999895095825,0.4300000071525574,0.460999995470047,0.45899999141693115,0.3840000033378601,0.39100000262260437,0.5239999890327454,0.628000020980835,0.47999998927116394,0.2770000100135803,0.34599998593330383,0.2939999997615814],[0.3880000114440918,0.39800000190734863,0.3959999978542328,0.37700000405311584,0.3779999911785126,0.3779999911785126,0.37700000405311584,0.22599999606609344,0.6790000200271606,0.9700000286102295,0.9819999933242798,0.9929999709129333,0.9940000176429749,0.9950000047683716,0.9950000047683716,0.9950000047683716,0.9950000047683716,1.0,0.9850000143051147,0.9909999966621399,0.9860000014305115,0.9869999885559082,0.9869999885559082,0.9150000214576721,0.9279999732971191,0.9409999847412109,0.9380000233650208,0.8019999861717224,0.7419999837875366,0.734000027179718,0.7770000100135803,0.2759999930858612,0.35499998927116394,0.3109999895095825,0.3569999933242798,0.4490000009536743,0.43700000643730164,0.4309999942779541,0.4620000123977661,0.46000000834465027,0.3840000033378601,0.39100000262260437,0.5239999890327454,0.628000020980835,0.47999998927116394,0.27799999713897705,0.3449999988079071,0.2930000126361847],[0.3930000066757202,0.4000000059604645,0.3970000147819519,0.3799999952316284,0.38100001215934753,0.38100001215934753,0.38100001215934753,0.21899999678134918,0.6840000152587891,0.9760000109672546,0.9700000286102295,0.9879999756813049,0.9869999885559082,0.9869999885559082,0.9869999885559082,0.9869999885559082,0.9829999804496765,0.9850000143051147,1.0,0.9900000095367432,0.9919999837875366,0.9929999709129333,0.9929999709129333,0.9110000133514404,0.9380000233650208,0.9340000152587891,0.9309999942779541,0.796999990940094,0.734000027179718,0.7279999852180481,0.7720000147819519,0.27300000190734863,0.3529999852180481,0.3089999854564667,0.3529999852180481,0.44600000977516174,0.43299999833106995,0.4269999861717224,0.4569999873638153,0.4560000002384186,0.382999986410141,0.38999998569488525,0.5180000066757202,0.6209999918937683,0.4729999899864197,0.27900001406669617,0.3479999899864197,0.29499998688697815],[0.39100000262260437,0.4009999930858612,0.39899998903274536,0.3799999952316284,0.3799999952316284,0.38100001215934753,0.3799999952316284,0.22100000083446503,0.6830000281333923,0.9760000109672546,0.9769999980926514,0.9929999709129333,0.9929999709129333,0.9929999709129333,0.9929999709129333,0.9940000176429749,0.9900000095367432,0.9909999966621399,0.9900000095367432,1.0,0.9929999709129333,0.9929999709129333,0.9940000176429749,0.9169999957084656,0.9340000152587891,0.9399999976158142,0.9359999895095825,0.7979999780654907,0.7369999885559082,0.7289999723434448,0.7720000147819519,0.27399998903274536,0.3540000021457672,0.3089999854564667,0.3540000021457672,0.44699999690055847,0.43299999833106995,0.42800000309944153,0.4580000042915344,0.4560000002384186,0.382999986410141,0.39100000262260437,0.5199999809265137,0.6230000257492065,0.4749999940395355,0.27799999713897705,0.34700000286102295,0.29499998688697815],[0.3919999897480011,0.40299999713897705,0.4000000059604645,0.38100001215934753,0.38100001215934753,0.38199999928474426,0.38100001215934753,0.21799999475479126,0.6840000152587891,0.9789999723434448,0.9729999899864197,0.9909999966621399,0.9909999966621399,0.9890000224113464,0.9900000095367432,0.9900000095367432,0.9860000014305115,0.9860000014305115,0.9919999837875366,0.9929999709129333,1.0,0.9959999918937683,0.9959999918937683,0.9129999876022339,0.9359999895095825,0.9359999895095825,0.9330000281333923,0.796999990940094,0.734000027179718,0.7260000109672546,0.7699999809265137,0.2720000147819519,0.35199999809265137,0.30799999833106995,0.35199999809265137,0.4440000057220459,0.4309999942779541,0.4259999990463257,0.4560000002384186,0.453000009059906,0.382999986410141,0.3889999985694885,0.5170000195503235,0.6209999918937683,0.4729999899864197,0.27900001406669617,0.34700000286102295,0.29499998688697815],[0.3919999897480011,0.4020000100135803,0.39899998903274536,0.3799999952316284,0.38100001215934753,0.38199999928474426,0.38100001215934753,0.21799999475479126,0.6840000152587891,0.9789999723434448,0.9729999899864197,0.9909999966621399,0.9909999966621399,0.9890000224113464,0.9900000095367432,0.9909999966621399,0.9869999885559082,0.9869999885559082,0.9929999709129333,0.9929999709129333,0.9959999918937683,1.0,0.996999979019165,0.9129999876022339,0.9359999895095825,0.9369999766349792,0.9340000152587891,0.796999990940094,0.7350000143051147,0.7260000109672546,0.7710000276565552,0.2720000147819519,0.3529999852180481,0.30799999833106995,0.35199999809265137,0.4449999928474426,0.4320000112056732,0.4259999990463257,0.4560000002384186,0.45399999618530273,0.382999986410141,0.38999998569488525,0.5170000195503235,0.621999979019165,0.4740000069141388,0.27900001406669617,0.34700000286102295,0.29499998688697815],[0.3919999897480011,0.4020000100135803,0.39899998903274536,0.3799999952316284,0.38100001215934753,0.38100001215934753,0.38100001215934753,0.21899999678134918,0.6830000281333923,0.9789999723434448,0.972000002861023,0.9909999966621399,0.9909999966621399,0.9890000224113464,0.9890000224113464,0.9900000095367432,0.9860000014305115,0.9869999885559082,0.9929999709129333,0.9940000176429749,0.9959999918937683,0.996999979019165,1.0,0.9139999747276306,0.9369999766349792,0.9369999766349792,0.9330000281333923,0.796999990940094,0.7350000143051147,0.7269999980926514,0.7699999809265137,0.27300000190734863,0.3529999852180481,0.3089999854564667,0.35199999809265137,0.4449999928474426,0.4320000112056732,0.4259999990463257,0.4560000002384186,0.45399999618530273,0.382999986410141,0.3889999985694885,0.5180000066757202,0.621999979019165,0.4729999899864197,0.27900001406669617,0.34700000286102295,0.29499998688697815],[0.39899998903274536,0.42500001192092896,0.4269999861717224,0.40799999237060547,0.40799999237060547,0.4090000092983246,0.4090000092983246,0.18299999833106995,0.6660000085830688,0.9110000133514404,0.9089999794960022,0.9160000085830688,0.9160000085830688,0.9169999957084656,0.9169999957084656,0.9160000085830688,0.9150000214576721,0.9150000214576721,0.9110000133514404,0.9169999957084656,0.9129999876022339,0.9129999876022339,0.9139999747276306,1.0,0.9679999947547913,0.968999981880188,0.972000002861023,0.7429999709129333,0.6930000185966492,0.671999990940094,0.7160000205039978,0.24199999868869781,0.3070000112056732,0.27399998903274536,0.30300000309944153,0.41600000858306885,0.4429999887943268,0.43700000643730164,0.4300000071525574,0.4359999895095825,0.3919999897480011,0.4000000059604645,0.46700000762939453,0.5720000267028809,0.421999990940094,0.2849999964237213,0.3190000057220459,0.29600000381469727],[0.3930000066757202,0.41999998688697815,0.421999990940094,0.40400001406669617,0.4059999883174896,0.4059999883174896,0.4050000011920929,0.18199999630451202,0.6790000200271606,0.9190000295639038,0.9150000214576721,0.9309999942779541,0.9309999942779541,0.9300000071525574,0.9300000071525574,0.9309999942779541,0.9279999732971191,0.9279999732971191,0.9380000233650208,0.9340000152587891,0.9359999895095825,0.9359999895095825,0.9369999766349792,0.9679999947547913,1.0,0.9850000143051147,0.9879999756813049,0.753000020980835,0.6909999847412109,0.6830000281333923,0.7269999980926514,0.24300000071525574,0.31700000166893005,0.2759999930858612,0.31200000643730164,0.4269999861717224,0.45500001311302185,0.44999998807907104,0.4410000145435333,0.44699999690055847,0.40400001406669617,0.41200000047683716,0.47699999809265137,0.5759999752044678,0.4269999861717224,0.29499998688697815,0.3319999873638153,0.3070000112056732],[0.3930000066757202,0.41999998688697815,0.41999998688697815,0.4000000059604645,0.4009999930858612,0.4009999930858612,0.4009999930858612,0.1889999955892563,0.6729999780654907,0.9200000166893005,0.9269999861717224,0.9409999847412109,0.9419999718666077,0.9430000185966492,0.9430000185966492,0.9419999718666077,0.9390000104904175,0.9409999847412109,0.9340000152587891,0.9399999976158142,0.9359999895095825,0.9369999766349792,0.9369999766349792,0.968999981880188,0.9850000143051147,1.0,0.9950000047683716,0.7580000162124634,0.6980000138282776,0.6880000233650208,0.7319999933242798,0.24699999392032623,0.3199999928474426,0.2800000011920929,0.3160000145435333,0.4320000112056732,0.4560000002384186,0.44999998807907104,0.44600000977516174,0.4519999921321869,0.40299999713897705,0.4099999964237213,0.4830000102519989,0.5849999785423279,0.43700000643730164,0.2919999957084656,0.32899999618530273,0.3050000071525574],[0.3919999897480011,0.4189999997615814,0.42100000381469727,0.4009999930858612,0.4020000100135803,0.4020000100135803,0.4020000100135803,0.18700000643730164,0.6740000247955322,0.9160000085830688,0.9240000247955322,0.9380000233650208,0.9399999976158142,0.9409999847412109,0.9399999976158142,0.9399999976158142,0.9369999766349792,0.9380000233650208,0.9309999942779541,0.9359999895095825,0.9330000281333923,0.9340000152587891,0.9330000281333923,0.972000002861023,0.9879999756813049,0.9950000047683716,1.0,0.7559999823570251,0.6959999799728394,0.6869999766349792,0.7300000190734863,0.24500000476837158,0.3179999887943268,0.27799999713897705,0.3149999976158142,0.4300000071525574,0.4580000042915344,0.4519999921321869,0.4440000057220459,0.44999998807907104,0.40400001406669617,0.41100001335144043,0.48100000619888306,0.5839999914169312,0.4350000023841858,0.2930000126361847,0.33000001311302185,0.3050000071525574],[0.3499999940395355,0.3370000123977661,0.33500000834465027,0.3400000035762787,0.33899998664855957,0.33899998664855957,0.33899998664855957,0.3100000023841858,0.6890000104904175,0.7839999794960022,0.800000011920929,0.800000011920929,0.800000011920929,0.8009999990463257,0.8009999990463257,0.800000011920929,0.8009999990463257,0.8019999861717224,0.796999990940094,0.7979999780654907,0.796999990940094,0.796999990940094,0.796999990940094,0.7429999709129333,0.753000020980835,0.7580000162124634,0.7559999823570251,1.0,0.8479999899864197,0.8429999947547913,0.8999999761581421,0.3409999907016754,0.44200000166893005,0.38499999046325684,0.43700000643730164,0.5180000066757202,0.5130000114440918,0.503000020980835,0.5400000214576721,0.5360000133514404,0.43700000643730164,0.43799999356269836,0.6119999885559082,0.7099999785423279,0.5709999799728394,0.3089999854564667,0.3529999852180481,0.2930000126361847],[0.3490000069141388,0.3319999873638153,0.33000001311302185,0.335999995470047,0.33399999141693115,0.33500000834465027,0.33399999141693115,0.34700000286102295,0.6759999990463257,0.7459999918937683,0.7400000095367432,0.7390000224113464,0.7390000224113464,0.7400000095367432,0.7409999966621399,0.7400000095367432,0.7409999966621399,0.7419999837875366,0.734000027179718,0.7369999885559082,0.734000027179718,0.7350000143051147,0.7350000143051147,0.6930000185966492,0.6909999847412109,0.6980000138282776,0.6959999799728394,0.8479999899864197,1.0,0.8560000061988831,0.9100000262260437,0.3889999985694885,0.45100000500679016,0.4180000126361847,0.4569999873638153,0.5109999775886536,0.503000020980835,0.49300000071525574,0.5329999923706055,0.527999997138977,0.4269999861717224,0.42899999022483826,0.6179999709129333,0.7229999899864197,0.5830000042915344,0.296999990940094,0.33399999141693115,0.25999999046325684],[0.2809999883174896,0.26600000262260437,0.2639999985694885,0.2669999897480011,0.2669999897480011,0.2669999897480011,0.2669999897480011,0.35199999809265137,0.6620000004768372,0.7139999866485596,0.7289999723434448,0.7310000061988831,0.7310000061988831,0.7319999933242798,0.7319999933242798,0.7319999933242798,0.7329999804496765,0.734000027179718,0.7279999852180481,0.7289999723434448,0.7260000109672546,0.7260000109672546,0.7269999980926514,0.671999990940094,0.6830000281333923,0.6880000233650208,0.6869999766349792,0.8429999947547913,0.8560000061988831,1.0,0.9200000166893005,0.39800000190734863,0.5090000033378601,0.4359999895095825,0.5059999823570251,0.5960000157356262,0.593999981880188,0.5830000042915344,0.6269999742507935,0.6159999966621399,0.5059999823570251,0.503000020980835,0.6859999895095825,0.7919999957084656,0.6759999990463257,0.35499998927116394,0.39399999380111694,0.3149999976158142],[0.32899999618530273,0.3100000023841858,0.30799999833106995,0.31299999356269836,0.31200000643730164,0.31299999356269836,0.31200000643730164,0.33899998664855957,0.7120000123977661,0.7570000290870667,0.7739999890327454,0.7739999890327454,0.7739999890327454,0.7749999761581421,0.7760000228881836,0.7749999761581421,0.7760000228881836,0.7770000100135803,0.7720000147819519,0.7720000147819519,0.7699999809265137,0.7710000276565552,0.7699999809265137,0.7160000205039978,0.7269999980926514,0.7319999933242798,0.7300000190734863,0.8999999761581421,0.9100000262260437,0.9200000166893005,1.0,0.38199999928474426,0.4880000054836273,0.4230000078678131,0.4860000014305115,0.5600000023841858,0.5529999732971191,0.5440000295639038,0.5849999785423279,0.5799999833106995,0.4740000069141388,0.4740000069141388,0.6690000295639038,0.7820000052452087,0.6430000066757202,0.3370000123977661,0.375,0.30300000309944153],[0.017999999225139618,0.007000000216066837,0.004000000189989805,0.004000000189989805,0.004000000189989805,0.004000000189989805,0.004000000189989805,0.39500001072883606,0.25200000405311584,0.2770000100135803,0.2750000059604645,0.2750000059604645,0.27399998903274536,0.2750000059604645,0.2750000059604645,0.2750000059604645,0.2750000059604645,0.2759999930858612,0.27300000190734863,0.27399998903274536,0.2720000147819519,0.2720000147819519,0.27300000190734863,0.24199999868869781,0.24300000071525574,0.24699999392032623,0.24500000476837158,0.3409999907016754,0.3889999985694885,0.39800000190734863,0.38199999928474426,1.0,0.7070000171661377,0.7080000042915344,0.5149999856948853,0.5419999957084656,0.5220000147819519,0.5149999856948853,0.5479999780654907,0.5360000133514404,0.4620000123977661,0.4560000002384186,0.5130000114440918,0.4009999930858612,0.48500001430511475,0.3709999918937683,0.3540000021457672,0.3050000071525574],[0.01600000075995922,0.003000000026077032,0.0010000000474974513,0.0010000000474974513,0.0010000000474974513,0.0010000000474974513,0.0010000000474974513,0.38499999046325684,0.33799999952316284,0.33899998664855957,0.35600000619888306,0.3540000021457672,0.3540000021457672,0.3540000021457672,0.35499998927116394,0.35499998927116394,0.35499998927116394,0.35499998927116394,0.3529999852180481,0.3540000021457672,0.35199999809265137,0.3529999852180481,0.3529999852180481,0.3070000112056732,0.31700000166893005,0.3199999928474426,0.3179999887943268,0.44200000166893005,0.45100000500679016,0.5090000033378601,0.4880000054836273,0.7070000171661377,1.0,0.7680000066757202,0.609000027179718,0.6949999928474426,0.6629999876022339,0.652999997138977,0.7020000219345093,0.6890000104904175,0.5950000286102295,0.5929999947547913,0.6449999809265137,0.5139999985694885,0.6240000128746033,0.45399999618530273,0.4779999852180481,0.42500001192092896],[0.014999999664723873,0.004999999888241291,0.003000000026077032,0.0020000000949949026,0.0020000000949949026,0.0020000000949949026,0.0020000000949949026,0.37599998712539673,0.2919999957084656,0.31299999356269836,0.3100000023841858,0.3100000023841858,0.3100000023841858,0.3100000023841858,0.3109999895095825,0.3109999895095825,0.3109999895095825,0.3109999895095825,0.3089999854564667,0.3089999854564667,0.30799999833106995,0.30799999833106995,0.3089999854564667,0.27399998903274536,0.2759999930858612,0.2800000011920929,0.27799999713897705,0.38499999046325684,0.4180000126361847,0.4359999895095825,0.4230000078678131,0.7080000042915344,0.7680000066757202,1.0,0.5329999923706055,0.5899999737739563,0.5720000267028809,0.5619999766349792,0.6010000109672546,0.5899999737739563,0.5099999904632568,0.5080000162124634,0.5809999704360962,0.44200000166893005,0.5350000262260437,0.39399999380111694,0.4050000011920929,0.35100001096725464],[0.01600000075995922,0.003000000026077032,0.0,0.0,0.0,0.0,0.0,0.5289999842643738,0.3269999921321869,0.33899998664855957,0.35600000619888306,0.35499998927116394,0.35600000619888306,0.35600000619888306,0.35600000619888306,0.35600000619888306,0.35600000619888306,0.3569999933242798,0.3529999852180481,0.3540000021457672,0.35199999809265137,0.35199999809265137,0.35199999809265137,0.30300000309944153,0.31200000643730164,0.3160000145435333,0.3149999976158142,0.43700000643730164,0.4569999873638153,0.5059999823570251,0.4860000014305115,0.5149999856948853,0.609000027179718,0.5329999923706055,1.0,0.6299999952316284,0.6069999933242798,0.5989999771118164,0.6439999938011169,0.628000020980835,0.5289999842643738,0.5320000052452087,0.6029999852180481,0.5109999775886536,0.6200000047683716,0.4129999876022339,0.4729999899864197,0.3580000102519989],[0.014000000432133675,0.0020000000949949026,0.0010000000474974513,0.0,0.0,0.0,0.0,0.4020000100135803,0.38999998569488525,0.4309999942779541,0.44699999690055847,0.4480000138282776,0.4480000138282776,0.4490000009536743,0.4490000009536743,0.4490000009536743,0.4490000009536743,0.4490000009536743,0.44600000977516174,0.44699999690055847,0.4440000057220459,0.4449999928474426,0.4449999928474426,0.41600000858306885,0.4269999861717224,0.4320000112056732,0.4300000071525574,0.5180000066757202,0.5109999775886536,0.5960000157356262,0.5600000023841858,0.5419999957084656,0.6949999928474426,0.5899999737739563,0.6299999952316284,1.0,0.8930000066757202,0.8859999775886536,0.9380000233650208,0.9200000166893005,0.7889999747276306,0.796999990940094,0.7279999852180481,0.6019999980926514,0.7300000190734863,0.5720000267028809,0.5720000267028809,0.5149999856948853],[0.0020000000949949026,0.0010000000474974513,0.0010000000474974513,0.0,0.0010000000474974513,0.0010000000474974513,0.0010000000474974513,0.3840000033378601,0.3869999945163727,0.4180000126361847,0.4309999942779541,0.4350000023841858,0.4350000023841858,0.4350000023841858,0.4350000023841858,0.4350000023841858,0.4359999895095825,0.43700000643730164,0.43299999833106995,0.43299999833106995,0.4309999942779541,0.4320000112056732,0.4320000112056732,0.4429999887943268,0.45500001311302185,0.4560000002384186,0.4580000042915344,0.5130000114440918,0.503000020980835,0.593999981880188,0.5529999732971191,0.5220000147819519,0.6629999876022339,0.5720000267028809,0.6069999933242798,0.8930000066757202,1.0,0.9789999723434448,0.9390000104904175,0.9409999847412109,0.8489999771118164,0.8379999995231628,0.7149999737739563,0.6000000238418579,0.7289999723434448,0.5960000157356262,0.5619999766349792,0.5189999938011169],[0.0020000000949949026,0.0010000000474974513,0.0010000000474974513,0.0,0.0010000000474974513,0.0010000000474974513,0.0010000000474974513,0.37400001287460327,0.39100000262260437,0.41200000047683716,0.4269999861717224,0.42899999022483826,0.42899999022483826,0.4300000071525574,0.4300000071525574,0.42899999022483826,0.4300000071525574,0.4309999942779541,0.4269999861717224,0.42800000309944153,0.4259999990463257,0.4259999990463257,0.4259999990463257,0.43700000643730164,0.44999998807907104,0.44999998807907104,0.4519999921321869,0.503000020980835,0.49300000071525574,0.5830000042915344,0.5440000295639038,0.5149999856948853,0.652999997138977,0.5619999766349792,0.5989999771118164,0.8859999775886536,0.9789999723434448,1.0,0.921999990940094,0.9269999861717224,0.8640000224113464,0.8489999771118164,0.7049999833106995,0.5889999866485596,0.7149999737739563,0.6060000061988831,0.5709999799728394,0.5289999842643738],[0.014000000432133675,0.003000000026077032,0.0010000000474974513,0.0,0.0,0.0010000000474974513,0.0010000000474974513,0.4189999997615814,0.3919999897480011,0.44200000166893005,0.4580000042915344,0.46000000834465027,0.46000000834465027,0.460999995470047,0.460999995470047,0.460999995470047,0.460999995470047,0.4620000123977661,0.4569999873638153,0.4580000042915344,0.4560000002384186,0.4560000002384186,0.4560000002384186,0.4300000071525574,0.4410000145435333,0.44600000977516174,0.4440000057220459,0.5400000214576721,0.5329999923706055,0.6269999742507935,0.5849999785423279,0.5479999780654907,0.7020000219345093,0.6010000109672546,0.6439999938011169,0.9380000233650208,0.9390000104904175,0.921999990940094,1.0,0.9729999899864197,0.800000011920929,0.800000011920929,0.7519999742507935,0.6340000033378601,0.7689999938011169,0.5619999766349792,0.5659999847412109,0.5009999871253967],[0.017000000923871994,0.006000000052154064,0.004000000189989805,0.004000000189989805,0.004000000189989805,0.004000000189989805,0.004000000189989805,0.41100001335144043,0.39100000262260437,0.4399999976158142,0.4560000002384186,0.4580000042915344,0.4580000042915344,0.45899999141693115,0.45899999141693115,0.45899999141693115,0.45899999141693115,0.46000000834465027,0.4560000002384186,0.4560000002384186,0.453000009059906,0.45399999618530273,0.45399999618530273,0.4359999895095825,0.44699999690055847,0.4519999921321869,0.44999998807907104,0.5360000133514404,0.527999997138977,0.6159999966621399,0.5799999833106995,0.5360000133514404,0.6890000104904175,0.5899999737739563,0.628000020980835,0.9200000166893005,0.9409999847412109,0.9269999861717224,0.9729999899864197,1.0,0.8050000071525574,0.8080000281333923,0.7400000095367432,0.628000020980835,0.7559999823570251,0.5640000104904175,0.5559999942779541,0.5049999952316284],[0.0010000000474974513,0.0,0.0,0.0,0.0,0.0,0.0,0.2980000078678131,0.4169999957084656,0.36800000071525574,0.382999986410141,0.3840000033378601,0.3840000033378601,0.3840000033378601,0.3840000033378601,0.3840000033378601,0.3840000033378601,0.3840000033378601,0.382999986410141,0.382999986410141,0.382999986410141,0.382999986410141,0.382999986410141,0.3919999897480011,0.40400001406669617,0.40299999713897705,0.40400001406669617,0.43700000643730164,0.4269999861717224,0.5059999823570251,0.4740000069141388,0.4620000123977661,0.5950000286102295,0.5099999904632568,0.5289999842643738,0.7889999747276306,0.8489999771118164,0.8640000224113464,0.800000011920929,0.8050000071525574,1.0,0.8709999918937683,0.6240000128746033,0.5099999904632568,0.6190000176429749,0.6930000185966492,0.6439999938011169,0.6029999852180481],[0.0010000000474974513,0.0010000000474974513,0.0010000000474974513,0.0,0.0,0.0010000000474974513,0.0,0.30000001192092896,0.4099999964237213,0.375,0.3880000114440918,0.39100000262260437,0.39100000262260437,0.39100000262260437,0.39100000262260437,0.39100000262260437,0.39100000262260437,0.39100000262260437,0.38999998569488525,0.39100000262260437,0.3889999985694885,0.38999998569488525,0.3889999985694885,0.4000000059604645,0.41200000047683716,0.4099999964237213,0.41100001335144043,0.43799999356269836,0.42899999022483826,0.503000020980835,0.4740000069141388,0.4560000002384186,0.5929999947547913,0.5080000162124634,0.5320000052452087,0.796999990940094,0.8379999995231628,0.8489999771118164,0.800000011920929,0.8080000281333923,0.8709999918937683,1.0,0.6230000257492065,0.5080000162124634,0.6169999837875366,0.6439999938011169,0.6359999775886536,0.6010000109672546],[0.0820000022649765,0.06700000166893005,0.06499999761581421,0.06599999964237213,0.064