{"labels":[{"exchange":"EX_btn_e","name":"Biotin"},{"exchange":"EX_4abz_e","name":"4-Aminobenzoate"},{"exchange":"EX_thymd_e","name":"Thymidine C10H14N2O5"},{"exchange":"EX_uri_e","name":"Uridine"},{"exchange":"EX_ins_e","name":"Inosine"},{"exchange":"EX_gsn_e","name":"Guanosine"},{"exchange":"EX_adn_e","name":"Adenosine"},{"exchange":"EX_cytd_e","name":"Cytidine"},{"exchange":"EX_asn__L_e","name":"L-Asparagine"},{"exchange":"EX_gln__L_e","name":"L-Glutamine"},{"exchange":"EX_ascb__L_e","name":"L-Ascorbate"},{"exchange":"EX_cbl1_e","name":"Cob(I)alamin"},{"exchange":"EX_asp__L_e","name":"L-Aspartate"},{"exchange":"EX_trp__L_e","name":"L-Tryptophan"},{"exchange":"EX_arg__L_e","name":"L-Arginine"},{"exchange":"EX_his__L_e","name":"L-Histidine"},{"exchange":"EX_ile__L_e","name":"L-Isoleucine"},{"exchange":"EX_leu__L_e","name":"L-Leucine"},{"exchange":"EX_thr__L_e","name":"L-Threonine"},{"exchange":"EX_met__L_e","name":"L-Methionine"},{"exchange":"EX_lys__L_e","name":"L-Lysine"},{"exchange":"EX_glu__L_e","name":"L-Glutamate"},{"exchange":"EX_tyr__L_e","name":"L-Tyrosine"},{"exchange":"EX_pro__L_e","name":"L-Proline"},{"exchange":"EX_gly_e","name":"Glycine"},{"exchange":"EX_ala__L_e","name":"L-Alanine"},{"exchange":"EX_cys__L_e","name":"L-Cysteine"},{"exchange":"EX_ser__L_e","name":"L-Serine"},{"exchange":"EX_phe__L_e","name":"L-Phenylalanine"},{"exchange":"EX_val__L_e","name":"L-Valine"},{"exchange":"EX_fol_e","name":"Folate"},{"exchange":"EX_pnto__R_e","name":"(R)-Pantothenate"},{"exchange":"EX_pydxn_e","name":"Pyridoxine"},{"exchange":"EX_ribflv_e","name":"Riboflavin C17H20N4O6"},{"exchange":"EX_thm_e","name":"Thiamin"},{"exchange":"EX_nh4_e","name":"Ammonium"},{"exchange":"EX_fe3_e","name":"Iron (Fe3+)"},{"exchange":"EX_slnt_e","name":"Selenite"},{"exchange":"EX_ttdca_e","name":"Tetradecanoate (n-C14:0)"},{"exchange":"EX_ocdca_e","name":"Octadecanoate (n-C18:0)"},{"exchange":"EX_ocdcea_e","name":"Octadecenoate (n-C18:1)"},{"exchange":"EX_hdca_e","name":"Hexadecanoate (n-C16:0)"},{"exchange":"EX_phllqne_e","name":"Vitamin K (phylloquinone)"},{"exchange":"EX_avite1_e","name":"Alpha-Tocopherol"},{"exchange":"EX_chol_e","name":"Choline C5H14NO"},{"exchange":"EX_ddca_e","name":"Dodecanoate (n-C12:0)"},{"exchange":"EX_choles_e","name":"Cholesterol"},{"exchange":"EX_arachd_e","name":"Arachidonic acid"}],"matrix":[[1.0,0.9200000166893005,0.9139999747276306,0.9120000004768372,0.9150000214576721,0.9139999747276306,0.9139999747276306,0.9150000214576721,0.8960000276565552,0.8970000147819519,0.024000000208616257,0.4180000126361847,0.39100000262260437,0.3869999945163727,0.382999986410141,0.382999986410141,0.382999986410141,0.382999986410141,0.382999986410141,0.38199999928474426,0.38100001215934753,0.38600000739097595,0.3840000033378601,0.38499999046325684,0.38499999046325684,0.38499999046325684,0.3919999897480011,0.38600000739097595,0.38499999046325684,0.38499999046325684,0.33899998664855957,0.3400000035762787,0.3190000057220459,0.31700000166893005,0.3160000145435333,0.18299999833106995,0.04600000008940697,0.07199999690055847,0.0010000000474974513,0.0020000000949949026,0.0010000000474974513,0.0020000000949949026,0.0020000000949949026,0.01600000075995922,0.014999999664723873,0.0010000000474974513,0.008999999612569809,0.004999999888241291],[0.9200000166893005,1.0,0.9900000095367432,0.9900000095367432,0.9909999966621399,0.9909999966621399,0.9909999966621399,0.9909999966621399,0.9589999914169312,0.9660000205039978,0.004999999888241291,0.4309999942779541,0.3790000081062317,0.37299999594688416,0.3709999918937683,0.3700000047683716,0.3700000047683716,0.3700000047683716,0.3700000047683716,0.36899998784065247,0.36899998784065247,0.37299999594688416,0.3720000088214874,0.37299999594688416,0.37299999594688416,0.37299999594688416,0.4009999930858612,0.3970000147819519,0.3930000066757202,0.39399999380111694,0.32499998807907104,0.3499999940395355,0.30300000309944153,0.3190000057220459,0.31700000166893005,0.1599999964237213,0.024000000208616257,0.07000000029802322,0.0,0.0010000000474974513,0.0010000000474974513,0.0,0.0010000000474974513,0.0010000000474974513,0.0020000000949949026,0.0,0.0,0.0010000000474974513],[0.9139999747276306,0.9900000095367432,1.0,0.9950000047683716,0.9959999918937683,0.996999979019165,0.996999979019165,0.996999979019165,0.9620000123977661,0.9700000286102295,0.004999999888241291,0.4320000112056732,0.3799999952316284,0.37299999594688416,0.3709999918937683,0.3709999918937683,0.3700000047683716,0.3709999918937683,0.3709999918937683,0.3700000047683716,0.3700000047683716,0.37299999594688416,0.3720000088214874,0.37400001287460327,0.37299999594688416,0.37400001287460327,0.4020000100135803,0.39800000190734863,0.3930000066757202,0.39399999380111694,0.3240000009536743,0.35100001096725464,0.30300000309944153,0.3179999887943268,0.31700000166893005,0.1589999943971634,0.023000000044703484,0.07000000029802322,0.0,0.0010000000474974513,0.0010000000474974513,0.0010000000474974513,0.0010000000474974513,0.0010000000474974513,0.0020000000949949026,0.0,0.0,0.0010000000474974513],[0.9120000004768372,0.9900000095367432,0.9950000047683716,1.0,0.9959999918937683,0.9980000257492065,0.9980000257492065,0.9980000257492065,0.9629999995231628,0.9710000157356262,0.004999999888241291,0.4320000112056732,0.3799999952316284,0.37299999594688416,0.3709999918937683,0.3709999918937683,0.3709999918937683,0.3709999918937683,0.3709999918937683,0.3700000047683716,0.3700000047683716,0.37299999594688416,0.37299999594688416,0.37400001287460327,0.37400001287460327,0.37400001287460327,0.4009999930858612,0.39800000190734863,0.3930000066757202,0.39399999380111694,0.3240000009536743,0.35100001096725464,0.30300000309944153,0.3179999887943268,0.3179999887943268,0.15800000727176666,0.023000000044703484,0.07000000029802322,0.0,0.0010000000474974513,0.0010000000474974513,0.0010000000474974513,0.0010000000474974513,0.0010000000474974513,0.0020000000949949026,0.0,0.0,0.0010000000474974513],[0.9150000214576721,0.9909999966621399,0.9959999918937683,0.9959999918937683,1.0,0.9980000257492065,0.9990000128746033,0.9980000257492065,0.9639999866485596,0.972000002861023,0.004999999888241291,0.43299999833106995,0.3799999952316284,0.37400001287460327,0.3720000088214874,0.3709999918937683,0.3709999918937683,0.3709999918937683,0.3709999918937683,0.3709999918937683,0.3700000047683716,0.37400001287460327,0.37299999594688416,0.37400001287460327,0.37400001287460327,0.37400001287460327,0.4020000100135803,0.39800000190734863,0.39399999380111694,0.39500001072883606,0.32499998807907104,0.35100001096725464,0.30300000309944153,0.3190000057220459,0.3179999887943268,0.1589999943971634,0.023000000044703484,0.07000000029802322,0.0,0.0010000000474974513,0.0010000000474974513,0.0010000000474974513,0.0010000000474974513,0.0010000000474974513,0.003000000026077032,0.0,0.0,0.0010000000474974513],[0.9139999747276306,0.9909999966621399,0.996999979019165,0.9980000257492065,0.9980000257492065,1.0,0.9990000128746033,1.0,0.9629999995231628,0.9710000157356262,0.004999999888241291,0.43299999833106995,0.3799999952316284,0.37299999594688416,0.3709999918937683,0.3709999918937683,0.3709999918937683,0.3709999918937683,0.3709999918937683,0.3700000047683716,0.3700000047683716,0.37299999594688416,0.37299999594688416,0.37400001287460327,0.37299999594688416,0.37400001287460327,0.4020000100135803,0.39800000190734863,0.3930000066757202,0.39399999380111694,0.3240000009536743,0.35100001096725464,0.30300000309944153,0.3179999887943268,0.3179999887943268,0.15800000727176666,0.023000000044703484,0.07000000029802322,0.0,0.0010000000474974513,0.0010000000474974513,0.0010000000474974513,0.0010000000474974513,0.0010000000474974513,0.0020000000949949026,0.0,0.0,0.0010000000474974513],[0.9139999747276306,0.9909999966621399,0.996999979019165,0.9980000257492065,0.9990000128746033,0.9990000128746033,1.0,1.0,0.9639999866485596,0.972000002861023,0.004999999888241291,0.43299999833106995,0.3799999952316284,0.37400001287460327,0.3709999918937683,0.3709999918937683,0.3709999918937683,0.3709999918937683,0.3709999918937683,0.3700000047683716,0.3700000047683716,0.37299999594688416,0.37299999594688416,0.37400001287460327,0.37400001287460327,0.37400001287460327,0.4020000100135803,0.39800000190734863,0.3930000066757202,0.39500001072883606,0.3240000009536743,0.35100001096725464,0.30300000309944153,0.3179999887943268,0.3179999887943268,0.15800000727176666,0.023000000044703484,0.07000000029802322,0.0,0.0010000000474974513,0.0010000000474974513,0.0010000000474974513,0.0010000000474974513,0.0010000000474974513,0.0020000000949949026,0.0,0.0,0.0010000000474974513],[0.9150000214576721,0.9909999966621399,0.996999979019165,0.9980000257492065,0.9980000257492065,1.0,1.0,1.0,0.9639999866485596,0.9710000157356262,0.004999999888241291,0.43299999833106995,0.3799999952316284,0.37400001287460327,0.3709999918937683,0.3709999918937683,0.3709999918937683,0.3709999918937683,0.3709999918937683,0.3700000047683716,0.3700000047683716,0.37299999594688416,0.37299999594688416,0.37400001287460327,0.37299999594688416,0.37400001287460327,0.4020000100135803,0.39800000190734863,0.3930000066757202,0.39399999380111694,0.3240000009536743,0.35100001096725464,0.30300000309944153,0.3179999887943268,0.3179999887943268,0.15800000727176666,0.023000000044703484,0.07000000029802322,0.0,0.0010000000474974513,0.0010000000474974513,0.0010000000474974513,0.0010000000474974513,0.0010000000474974513,0.0020000000949949026,0.0,0.0,0.0010000000474974513],[0.8960000276565552,0.9589999914169312,0.9620000123977661,0.9629999995231628,0.9639999866485596,0.9629999995231628,0.9639999866485596,0.9639999866485596,1.0,0.9890000224113464,0.00800000037997961,0.4259999990463257,0.3930000066757202,0.382999986410141,0.3840000033378601,0.3840000033378601,0.382999986410141,0.382999986410141,0.3840000033378601,0.38199999928474426,0.38199999928474426,0.3840000033378601,0.38499999046325684,0.3869999945163727,0.38600000739097595,0.38600000739097595,0.4090000092983246,0.40400001406669617,0.40400001406669617,0.40299999713897705,0.32499998807907104,0.34700000286102295,0.30300000309944153,0.32100000977516174,0.31700000166893005,0.1679999977350235,0.032999999821186066,0.0689999982714653,0.0,0.0010000000474974513,0.0010000000474974513,0.0010000000474974513,0.0010000000474974513,0.003000000026077032,0.006000000052154064,0.0,0.0010000000474974513,0.0010000000474974513],[0.8970000147819519,0.9660000205039978,0.9700000286102295,0.9710000157356262,0.972000002861023,0.9710000157356262,0.972000002861023,0.9710000157356262,0.9890000224113464,1.0,0.004999999888241291,0.42800000309944153,0.38999998569488525,0.3799999952316284,0.38100001215934753,0.38100001215934753,0.38100001215934753,0.38100001215934753,0.38100001215934753,0.3799999952316284,0.3799999952316284,0.38100001215934753,0.382999986410141,0.3840000033378601,0.382999986410141,0.382999986410141,0.41100001335144043,0.4050000011920929,0.40400001406669617,0.4050000011920929,0.3230000138282776,0.3479999899864197,0.3009999990463257,0.32199999690055847,0.3179999887943268,0.16599999368190765,0.029999999329447746,0.0689999982714653,0.0,0.0010000000474974513,0.0010000000474974513,0.0010000000474974513,0.0010000000474974513,0.0010000000474974513,0.003000000026077032,0.0,0.0,0.0010000000474974513],[0.024000000208616257,0.004999999888241291,0.004999999888241291,0.004999999888241291,0.004999999888241291,0.004999999888241291,0.004999999888241291,0.004999999888241291,0.00800000037997961,0.004999999888241291,1.0,0.14800000190734863,0.22699999809265137,0.22699999809265137,0.22699999809265137,0.2280000001192093,0.2290000021457672,0.2290000021457672,0.2280000001192093,0.23000000417232513,0.23100000619888306,0.2240000069141388,0.22499999403953552,0.22200000286102295,0.22300000488758087,0.22300000488758087,0.18700000643730164,0.1860000044107437,0.19300000369548798,0.19099999964237213,0.35199999809265137,0.27300000190734863,0.3440000116825104,0.3009999990463257,0.3009999990463257,0.3659999966621399,0.4350000023841858,0.35199999809265137,0.2980000078678131,0.37400001287460327,0.382999986410141,0.38499999046325684,0.3409999907016754,0.38499999046325684,0.37700000405311584,0.2370000034570694,0.2240000069141388,0.14499999582767487],[0.4180000126361847,0.4309999942779541,0.4320000112056732,0.4320000112056732,0.43299999833106995,0.43299999833106995,0.43299999833106995,0.43299999833106995,0.4259999990463257,0.42800000309944153,0.14800000190734863,1.0,0.6439999938011169,0.6579999923706055,0.656000018119812,0.656000018119812,0.656000018119812,0.656000018119812,0.6570000052452087,0.656000018119812,0.6549999713897705,0.6600000262260437,0.6589999794960022,0.6600000262260437,0.6600000262260437,0.6600000262260437,0.6850000023841858,0.6990000009536743,0.6919999718666077,0.6940000057220459,0.6460000276565552,0.7009999752044678,0.6840000152587891,0.7250000238418579,0.7239999771118164,0.5120000243186951,0.3799999952316284,0.47699999809265137,0.43700000643730164,0.40700000524520874,0.40299999713897705,0.40299999713897705,0.24699999392032623,0.32199999690055847,0.27799999713897705,0.36399999260902405,0.4729999899864197,0.3889999985694885],[0.39100000262260437,0.3790000081062317,0.3799999952316284,0.3799999952316284,0.3799999952316284,0.3799999952316284,0.3799999952316284,0.3799999952316284,0.3930000066757202,0.38999998569488525,0.22699999809265137,0.6439999938011169,1.0,0.9549999833106995,0.9739999771118164,0.9729999899864197,0.9710000157356262,0.972000002861023,0.9729999899864197,0.968999981880188,0.968999981880188,0.9760000109672546,0.9750000238418579,0.9789999723434448,0.9779999852180481,0.9789999723434448,0.9100000262260437,0.9169999957084656,0.9169999957084656,0.9139999747276306,0.7480000257492065,0.7459999918937683,0.7599999904632568,0.7260000109672546,0.722000002861023,0.6000000238418579,0.4690000116825104,0.4749999940395355,0.37700000405311584,0.421999990940094,0.42800000309944153,0.4269999861717224,0.2460000067949295,0.34700000286102295,0.3199999928474426,0.2709999978542328,0.3400000035762787,0.28700000047683716],[0.3869999945163727,0.37299999594688416,0.37299999594688416,0.37299999594688416,0.37400001287460327,0.37299999594688416,0.37400001287460327,0.37400001287460327,0.382999986410141,0.3799999952316284,0.22699999809265137,0.6579999923706055,0.9549999833106995,1.0,0.9779999852180481,0.9800000190734863,0.9800000190734863,0.9800000190734863,0.9800000190734863,0.9810000061988831,0.9819999933242798,0.9700000286102295,0.9760000109672546,0.9729999899864197,0.972000002861023,0.972000002861023,0.9079999923706055,0.9129999876022339,0.925000011920929,0.921999990940094,0.7419999837875366,0.7590000033378601,0.7770000100135803,0.7379999756813049,0.7329999804496765,0.6129999756813049,0.4819999933242798,0.49000000953674316,0.3919999897480011,0.4359999895095825,0.44200000166893005,0.4410000145435333,0.24300000071525574,0.36399999260902405,0.31700000166893005,0.2849999964237213,0.35499998927116394,0.3009999990463257],[0.382999986410141,0.3709999918937683,0.3709999918937683,0.3709999918937683,0.3720000088214874,0.3709999918937683,0.3709999918937683,0.3709999918937683,0.3840000033378601,0.38100001215934753,0.22699999809265137,0.656000018119812,0.9739999771118164,0.9779999852180481,1.0,0.996999979019165,0.9950000047683716,0.9959999918937683,0.996999979019165,0.9919999837875366,0.9929999709129333,0.9890000224113464,0.9929999709129333,0.9909999966621399,0.9919999837875366,0.9909999966621399,0.9139999747276306,0.9300000071525574,0.9399999976158142,0.9369999766349792,0.7409999966621399,0.7620000243186951,0.7770000100135803,0.7429999709129333,0.7379999756813049,0.6169999837875366,0.4860000014305115,0.49300000071525574,0.3930000066757202,0.4390000104904175,0.4449999928474426,0.4449999928474426,0.24400000274181366,0.3619999885559082,0.31700000166893005,0.2849999964237213,0.35499998927116394,0.3019999861717224],[0.382999986410141,0.3700000047683716,0.3709999918937683,0.3709999918937683,0.3709999918937683,0.3709999918937683,0.3709999918937683,0.3709999918937683,0.3840000033378601,0.38100001215934753,0.2280000001192093,0.656000018119812,0.9729999899864197,0.9800000190734863,0.996999979019165,1.0,0.996999979019165,0.9980000257492065,0.996999979019165,0.9929999709129333,0.9940000176429749,0.9879999756813049,0.9929999709129333,0.9909999966621399,0.9919999837875366,0.9909999966621399,0.9150000214576721,0.9290000200271606,0.9409999847412109,0.9380000233650208,0.7409999966621399,0.7620000243186951,0.7770000100135803,0.7429999709129333,0.7379999756813049,0.6179999709129333,0.4869999885559082,0.49300000071525574,0.3930000066757202,0.4390000104904175,0.4449999928474426,0.4449999928474426,0.24300000071525574,0.3619999885559082,0.31700000166893005,0.2849999964237213,0.35499998927116394,0.3019999861717224],[0.382999986410141,0.3700000047683716,0.3700000047683716,0.3709999918937683,0.3709999918937683,0.3709999918937683,0.3709999918937683,0.3709999918937683,0.382999986410141,0.38100001215934753,0.2290000021457672,0.656000018119812,0.9710000157356262,0.9800000190734863,0.9950000047683716,0.996999979019165,1.0,0.9980000257492065,0.9980000257492065,0.9929999709129333,0.9950000047683716,0.9869999885559082,0.9929999709129333,0.9890000224113464,0.9890000224113464,0.9890000224113464,0.9150000214576721,0.9279999732971191,0.9409999847412109,0.9390000104904175,0.7419999837875366,0.7620000243186951,0.777999997138977,0.7440000176429749,0.7390000224113464,0.6190000176429749,0.4880000054836273,0.49399998784065247,0.3930000066757202,0.4390000104904175,0.44600000977516174,0.4449999928474426,0.24400000274181366,0.3619999885559082,0.3179999887943268,0.2849999964237213,0.3540000021457672,0.3009999990463257],[0.382999986410141,0.3700000047683716,0.3709999918937683,0.3709999918937683,0.3709999918937683,0.3709999918937683,0.3709999918937683,0.3709999918937683,0.382999986410141,0.38100001215934753,0.2290000021457672,0.656000018119812,0.972000002861023,0.9800000190734863,0.9959999918937683,0.9980000257492065,0.9980000257492065,1.0,0.9990000128746033,0.9929999709129333,0.9950000047683716,0.9869999885559082,0.9940000176429749,0.9900000095367432,0.9900000095367432,0.9890000224113464,0.9160000085830688,0.9290000200271606,0.9409999847412109,0.9390000104904175,0.7429999709129333,0.7630000114440918,0.7789999842643738,0.7440000176429749,0.7390000224113464,0.6190000176429749,0.4880000054836273,0.49399998784065247,0.3930000066757202,0.4390000104904175,0.44600000977516174,0.4449999928474426,0.24400000274181366,0.3630000054836273,0.3179999887943268,0.2849999964237213,0.35499998927116394,0.3019999861717224],[0.382999986410141,0.3700000047683716,0.3709999918937683,0.3709999918937683,0.3709999918937683,0.3709999918937683,0.3709999918937683,0.3709999918937683,0.3840000033378601,0.38100001215934753,0.2280000001192093,0.6570000052452087,0.9729999899864197,0.9800000190734863,0.996999979019165,0.996999979019165,0.9980000257492065,0.9990000128746033,1.0,0.9929999709129333,0.9950000047683716,0.9869999885559082,0.9940000176429749,0.9900000095367432,0.9909999966621399,0.9900000095367432,0.9150000214576721,0.9290000200271606,0.9409999847412109,0.9390000104904175,0.7419999837875366,0.7620000243186951,0.777999997138977,0.7440000176429749,0.7390000224113464,0.6179999709129333,0.4869999885559082,0.49399998784065247,0.3930000066757202,0.4390000104904175,0.44600000977516174,0.4449999928474426,0.24400000274181366,0.3630000054836273,0.3179999887943268,0.2849999964237213,0.35499998927116394,0.3019999861717224],[0.38199999928474426,0.36899998784065247,0.3700000047683716,0.3700000047683716,0.3709999918937683,0.3700000047683716,0.3700000047683716,0.3700000047683716,0.38199999928474426,0.3799999952316284,0.23000000417232513,0.656000018119812,0.968999981880188,0.9810000061988831,0.9919999837875366,0.9929999709129333,0.9929999709129333,0.9929999709129333,0.9929999709129333,1.0,0.9950000047683716,0.9829999804496765,0.9900000095367432,0.9860000014305115,0.9869999885559082,0.9850000143051147,0.9139999747276306,0.9259999990463257,0.9369999766349792,0.9350000023841858,0.7429999709129333,0.7630000114440918,0.7789999842643738,0.7450000047683716,0.7400000095367432,0.6200000047683716,0.4880000054836273,0.4950000047683716,0.3930000066757202,0.4399999976158142,0.44600000977516174,0.4449999928474426,0.24400000274181366,0.3630000054836273,0.3179999887943268,0.2840000092983246,0.3540000021457672,0.3009999990463257],[0.38100001215934753,0.36899998784065247,0.3700000047683716,0.3700000047683716,0.3700000047683716,0.3700000047683716,0.3700000047683716,0.3700000047683716,0.38199999928474426,0.3799999952316284,0.23100000619888306,0.6549999713897705,0.968999981880188,0.9819999933242798,0.9929999709129333,0.9940000176429749,0.9950000047683716,0.9950000047683716,0.9950000047683716,0.9950000047683716,1.0,0.9850000143051147,0.9909999966621399,0.9860000014305115,0.9869999885559082,0.9869999885559082,0.9129999876022339,0.9269999861717224,0.9390000104904175,0.9359999895095825,0.7440000176429749,0.7630000114440918,0.7799999713897705,0.7450000047683716,0.7400000095367432,0.6200000047683716,0.48899999260902405,0.4950000047683716,0.3930000066757202,0.4399999976158142,0.44699999690055847,0.44600000977516174,0.24400000274181366,0.3630000054836273,0.3179999887943268,0.2840000092983246,0.3540000021457672,0.3009999990463257],[0.38600000739097595,0.37299999594688416,0.37299999594688416,0.37299999594688416,0.37400001287460327,0.37299999594688416,0.37299999594688416,0.37299999594688416,0.3840000033378601,0.38100001215934753,0.2240000069141388,0.6600000262260437,0.9760000109672546,0.9700000286102295,0.9890000224113464,0.9879999756813049,0.9869999885559082,0.9869999885559082,0.9869999885559082,0.9829999804496765,0.9850000143051147,1.0,0.9900000095367432,0.9929999709129333,0.9940000176429749,0.9929999709129333,0.9100000262260437,0.9359999895095825,0.9330000281333923,0.9300000071525574,0.7369999885559082,0.7609999775886536,0.7749999761581421,0.7400000095367432,0.7360000014305115,0.6119999885559082,0.4819999933242798,0.49000000953674316,0.3919999897480011,0.43700000643730164,0.4429999887943268,0.44200000166893005,0.24300000071525574,0.3610000014305115,0.3160000145435333,0.28600001335144043,0.35600000619888306,0.3019999861717224],[0.3840000033378601,0.3720000088214874,0.3720000088214874,0.37299999594688416,0.37299999594688416,0.37299999594688416,0.37299999594688416,0.37299999594688416,0.38499999046325684,0.382999986410141,0.22499999403953552,0.6589999794960022,0.9750000238418579,0.9760000109672546,0.9929999709129333,0.9929999709129333,0.9929999709129333,0.9940000176429749,0.9940000176429749,0.9900000095367432,0.9909999966621399,0.9900000095367432,1.0,0.9929999709129333,0.9929999709129333,0.9940000176429749,0.9150000214576721,0.9319999814033508,0.9390000104904175,0.9350000023841858,0.7390000224113464,0.7609999775886536,0.7749999761581421,0.7419999837875366,0.7369999885559082,0.6150000095367432,0.48399999737739563,0.4909999966621399,0.3919999897480011,0.43799999356269836,0.4440000057220459,0.4429999887943268,0.24300000071525574,0.3619999885559082,0.31700000166893005,0.2849999964237213,0.35600000619888306,0.3019999861717224],[0.38499999046325684,0.37299999594688416,0.37400001287460327,0.37400001287460327,0.37400001287460327,0.37400001287460327,0.37400001287460327,0.37400001287460327,0.3869999945163727,0.3840000033378601,0.22200000286102295,0.6600000262260437,0.9789999723434448,0.9729999899864197,0.9909999966621399,0.9909999966621399,0.9890000224113464,0.9900000095367432,0.9900000095367432,0.9860000014305115,0.9860000014305115,0.9929999709129333,0.9929999709129333,1.0,0.9959999918937683,0.9959999918937683,0.9120000004768372,0.9340000152587891,0.9340000152587891,0.9309999942779541,0.7360000014305115,0.7590000033378601,0.7730000019073486,0.7390000224113464,0.734000027179718,0.6129999756813049,0.4819999933242798,0.48899999260902405,0.39100000262260437,0.4350000023841858,0.4410000145435333,0.4399999976158142,0.2409999966621399,0.36000001430511475,0.3149999976158142,0.28600001335144043,0.35600000619888306,0.30300000309944153],[0.38499999046325684,0.37299999594688416,0.37299999594688416,0.37400001287460327,0.37400001287460327,0.37299999594688416,0.37400001287460327,0.37299999594688416,0.38600000739097595,0.382999986410141,0.22300000488758087,0.6600000262260437,0.9779999852180481,0.972000002861023,0.9919999837875366,0.9919999837875366,0.9890000224113464,0.9900000095367432,0.9909999966621399,0.9869999885559082,0.9869999885559082,0.9940000176429749,0.9929999709129333,0.9959999918937683,1.0,0.996999979019165,0.9120000004768372,0.9350000023841858,0.9350000023841858,0.9319999814033508,0.7369999885559082,0.7599999904632568,0.7739999890327454,0.7400000095367432,0.7350000143051147,0.6129999756813049,0.4819999933242798,0.48899999260902405,0.3919999897480011,0.4359999895095825,0.44200000166893005,0.4410000145435333,0.24199999868869781,0.3610000014305115,0.3160000145435333,0.28600001335144043,0.35600000619888306,0.30300000309944153],[0.38499999046325684,0.37299999594688416,0.37400001287460327,0.37400001287460327,0.37400001287460327,0.37400001287460327,0.37400001287460327,0.37400001287460327,0.38600000739097595,0.382999986410141,0.22300000488758087,0.6600000262260437,0.9789999723434448,0.972000002861023,0.9909999966621399,0.9909999966621399,0.9890000224113464,0.9890000224113464,0.9900000095367432,0.9850000143051147,0.9869999885559082,0.9929999709129333,0.9940000176429749,0.9959999918937683,0.996999979019165,1.0,0.9129999876022339,0.9359999895095825,0.9350000023841858,0.9319999814033508,0.7369999885559082,0.7599999904632568,0.7730000019073486,0.7400000095367432,0.7350000143051147,0.6129999756813049,0.4819999933242798,0.49000000953674316,0.39100000262260437,0.4359999895095825,0.44200000166893005,0.4410000145435333,0.24199999868869781,0.3610000014305115,0.3160000145435333,0.28600001335144043,0.35600000619888306,0.3019999861717224],[0.3919999897480011,0.4009999930858612,0.4020000100135803,0.4009999930858612,0.4020000100135803,0.4020000100135803,0.4020000100135803,0.4020000100135803,0.4090000092983246,0.41100001335144043,0.18700000643730164,0.6850000023841858,0.9100000262260437,0.9079999923706055,0.9139999747276306,0.9150000214576721,0.9150000214576721,0.9160000085830688,0.9150000214576721,0.9139999747276306,0.9129999876022339,0.9100000262260437,0.9150000214576721,0.9120000004768372,0.9120000004768372,0.9129999876022339,1.0,0.968999981880188,0.968999981880188,0.9729999899864197,0.6949999928474426,0.7900000214576721,0.7179999947547913,0.765999972820282,0.7609999775886536,0.5619999766349792,0.4300000071525574,0.5040000081062317,0.4009999930858612,0.4480000138282776,0.45399999618530273,0.453000009059906,0.2540000081062317,0.3140000104904175,0.2809999883174896,0.2919999957084656,0.3269999921321869,0.30399999022483826],[0.38600000739097595,0.3970000147819519,0.39800000190734863,0.39800000190734863,0.39800000190734863,0.39800000190734863,0.39800000190734863,0.39800000190734863,0.40400001406669617,0.4050000011920929,0.1860000044107437,0.6990000009536743,0.9169999957084656,0.9129999876022339,0.9300000071525574,0.9290000200271606,0.9279999732971191,0.9290000200271606,0.9290000200271606,0.9259999990463257,0.9269999861717224,0.9359999895095825,0.9319999814033508,0.9340000152587891,0.9350000023841858,0.9359999895095825,0.968999981880188,1.0,0.9850000143051147,0.9879999756813049,0.6919999718666077,0.8029999732971191,0.7289999723434448,0.777999997138977,0.7739999890327454,0.5669999718666077,0.4359999895095825,0.515999972820282,0.414000004529953,0.46000000834465027,0.4659999907016754,0.4659999907016754,0.25600001215934753,0.3240000009536743,0.28299999237060547,0.30300000309944153,0.3400000035762787,0.3160000145435333],[0.38499999046325684,0.3930000066757202,0.3930000066757202,0.3930000066757202,0.39399999380111694,0.3930000066757202,0.3930000066757202,0.3930000066757202,0.40400001406669617,0.40400001406669617,0.19300000369548798,0.6919999718666077,0.9169999957084656,0.925000011920929,0.9399999976158142,0.9409999847412109,0.9409999847412109,0.9409999847412109,0.9409999847412109,0.9369999766349792,0.9390000104904175,0.9330000281333923,0.9390000104904175,0.9340000152587891,0.9350000023841858,0.9350000023841858,0.968999981880188,0.9850000143051147,1.0,0.9950000047683716,0.6990000009536743,0.8019999861717224,0.734000027179718,0.7799999713897705,0.7739999890327454,0.5759999752044678,0.4449999928474426,0.5180000066757202,0.4129999876022339,0.460999995470047,0.46799999475479126,0.46700000762939453,0.25600001215934753,0.328000009059906,0.28600001335144043,0.30000001192092896,0.3370000123977661,0.31299999356269836],[0.38499999046325684,0.39399999380111694,0.39399999380111694,0.39399999380111694,0.39500001072883606,0.39399999380111694,0.39500001072883606,0.39399999380111694,0.40299999713897705,0.4050000011920929,0.19099999964237213,0.6940000057220459,0.9139999747276306,0.921999990940094,0.9369999766349792,0.9380000233650208,0.9390000104904175,0.9390000104904175,0.9390000104904175,0.9350000023841858,0.9359999895095825,0.9300000071525574,0.9350000023841858,0.9309999942779541,0.9319999814033508,0.9319999814033508,0.9729999899864197,0.9879999756813049,0.9950000047683716,1.0,0.6970000267028809,0.8040000200271606,0.7319999933242798,0.7820000052452087,0.7760000228881836,0.5740000009536743,0.4429999887943268,0.5199999809265137,0.414000004529953,0.4620000123977661,0.4690000116825104,0.46799999475479126,0.25699999928474426,0.32499998807907104,0.2840000092983246,0.3009999990463257,0.33799999952316284,0.31299999356269836],[0.33899998664855957,0.32499998807907104,0.3240000009536743,0.3240000009536743,0.32499998807907104,0.3240000009536743,0.3240000009536743,0.3240000009536743,0.32499998807907104,0.3230000138282776,0.35199999809265137,0.6460000276565552,0.7480000257492065,0.7419999837875366,0.7409999966621399,0.7409999966621399,0.7419999837875366,0.7429999709129333,0.7419999837875366,0.7429999709129333,0.7440000176429749,0.7369999885559082,0.7390000224113464,0.7360000014305115,0.7369999885559082,0.7369999885559082,0.6949999928474426,0.6919999718666077,0.6990000009536743,0.6970000267028809,1.0,0.7929999828338623,0.9100000262260437,0.8519999980926514,0.8479999899864197,0.722000002861023,0.5929999947547913,0.5740000009536743,0.4339999854564667,0.5009999871253967,0.5120000243186951,0.5099999904632568,0.35100001096725464,0.4569999873638153,0.42399999499320984,0.3019999861717224,0.33899998664855957,0.2639999985694885],[0.3400000035762787,0.3499999940395355,0.35100001096725464,0.35100001096725464,0.35100001096725464,0.35100001096725464,0.35100001096725464,0.35100001096725464,0.34700000286102295,0.3479999899864197,0.27300000190734863,0.7009999752044678,0.7459999918937683,0.7590000033378601,0.7620000243186951,0.7620000243186951,0.7620000243186951,0.7630000114440918,0.7620000243186951,0.7630000114440918,0.7630000114440918,0.7609999775886536,0.7609999775886536,0.7590000033378601,0.7599999904632568,0.7599999904632568,0.7900000214576721,0.8029999732971191,0.8019999861717224,0.8040000200271606,0.7929999828338623,1.0,0.8460000157356262,0.8960000276565552,0.8920000195503235,0.6589999794960022,0.527999997138977,0.6079999804496765,0.4699999988079071,0.5410000085830688,0.5519999861717224,0.5519999861717224,0.3240000009536743,0.4090000092983246,0.3569999933242798,0.33399999141693115,0.3449999988079071,0.3109999895095825],[0.3190000057220459,0.30300000309944153,0.30300000309944153,0.30300000309944153,0.30300000309944153,0.30300000309944153,0.30300000309944153,0.30300000309944153,0.30300000309944153,0.3009999990463257,0.3440000116825104,0.6840000152587891,0.7599999904632568,0.7770000100135803,0.7770000100135803,0.7770000100135803,0.777999997138977,0.7789999842643738,0.777999997138977,0.7789999842643738,0.7799999713897705,0.7749999761581421,0.7749999761581421,0.7730000019073486,0.7739999890327454,0.7730000019073486,0.7179999947547913,0.7289999723434448,0.734000027179718,0.7319999933242798,0.9100000262260437,0.8460000157356262,1.0,0.9120000004768372,0.9139999747276306,0.7829999923706055,0.6539999842643738,0.6259999871253967,0.48100000619888306,0.5519999861717224,0.5630000233650208,0.5619999766349792,0.34599998593330383,0.4950000047683716,0.42899999022483826,0.34200000762939453,0.38100001215934753,0.30799999833106995],[0.31700000166893005,0.3190000057220459,0.3179999887943268,0.3179999887943268,0.3190000057220459,0.3179999887943268,0.3179999887943268,0.3179999887943268,0.32100000977516174,0.32199999690055847,0.3009999990463257,0.7250000238418579,0.7260000109672546,0.7379999756813049,0.7429999709129333,0.7429999709129333,0.7440000176429749,0.7440000176429749,0.7440000176429749,0.7450000047683716,0.7450000047683716,0.7400000095367432,0.7419999837875366,0.7390000224113464,0.7400000095367432,0.7400000095367432,0.765999972820282,0.777999997138977,0.7799999713897705,0.7820000052452087,0.8519999980926514,0.8960000276565552,0.9120000004768372,1.0,0.9779999852180481,0.7379999756813049,0.6079999804496765,0.6679999828338623,0.5120000243186951,0.5879999995231628,0.6010000109672546,0.5989999771118164,0.36500000953674316,0.45100000500679016,0.3919999897480011,0.36399999260902405,0.3720000088214874,0.3230000138282776],[0.3160000145435333,0.31700000166893005,0.31700000166893005,0.3179999887943268,0.3179999887943268,0.3179999887943268,0.3179999887943268,0.3179999887943268,0.31700000166893005,0.3179999887943268,0.3009999990463257,0.7239999771118164,0.722000002861023,0.7329999804496765,0.7379999756813049,0.7379999756813049,0.7390000224113464,0.7390000224113464,0.7390000224113464,0.7400000095367432,0.7400000095367432,0.7360000014305115,0.7369999885559082,0.734000027179718,0.7350000143051147,0.7350000143051147,0.7609999775886536,0.7739999890327454,0.7739999890327454,0.7760000228881836,0.8479999899864197,0.8920000195503235,0.9139999747276306,0.9779999852180481,1.0,0.7369999885559082,0.6050000190734863,0.6629999876022339,0.5130000114440918,0.5870000123977661,0.5989999771118164,0.5979999899864197,0.3659999966621399,0.45100000500679016,0.3889999985694885,0.3630000054836273,0.3709999918937683,0.32199999690055847],[0.18299999833106995,0.1599999964237213,0.1589999943971634,0.15800000727176666,0.1589999943971634,0.15800000727176666,0.15800000727176666,0.15800000727176666,0.1679999977350235,0.16599999368190765,0.3659999966621399,0.5120000243186951,0.6000000238418579,0.6129999756813049,0.6169999837875366,0.6179999709129333,0.6190000176429749,0.6190000176429749,0.6179999709129333,0.6200000047683716,0.6200000047683716,0.6119999885559082,0.6150000095367432,0.6129999756813049,0.6129999756813049,0.6129999756813049,0.5619999766349792,0.5669999718666077,0.5759999752044678,0.5740000009536743,0.722000002861023,0.6589999794960022,0.7829999923706055,0.7379999756813049,0.7369999885559082,1.0,0.8299999833106995,0.656000018119812,0.5249999761581421,0.6050000190734863,0.6169999837875366,0.6169999837875366,0.36899998784065247,0.5289999842643738,0.45399999618530273,0.36800000071525574,0.4090000092983246,0.328000009059906],[0.04600000008940697,0.024000000208616257,0.023000000044703484,0.023000000044703484,0.023000000044703484,0.023000000044703484,0.023000000044703484,0.023000000044703484,0.032999999821186066,0.029999999329447746,0.4350000023841858,0.3799999952316284,0.4690000116825104,0.4819999933242798,0.4860000014305115,0.4869999885559082,0.4880000054836273,0.4880000054836273,0.4869999885559082,0.4880000054836273,0.48899999260902405,0.4819999933242798,0.48399999737739563,0.4819999933242798,0.4819999933242798,0.4819999933242798,0.4300000071525574,0.4359999895095825,0.4449999928474426,0.4429999887943268,0.5929999947547913,0.527999997138977,0.6539999842643738,0.6079999804496765,0.6050000190734863,0.8299999833106995,1.0,0.6710000038146973,0.628000020980835,0.7250000238418579,0.7390000224113464,0.7390000224113464,0.4410000145435333,0.6330000162124634,0.5429999828338623,0.4410000145435333,0.49000000953674316,0.3919999897480011],[0.07199999690055847,0.07000000029802322,0.07000000029802322,0.07000000029802322,0.07000000029802322,0.07000000029802322,0.07000000029802322,0.07000000029802322,0.0689999982714653,0.0689999982714653,0.35199999809265137,0.47699999809265137,0.4749999940395355,0.49000000953674316,0.49300000071525574,0.49300000071525574,0.49399998784065247,0.49399998784065247,0.49399998784065247,0.4950000047683716,0.4950000047683716,0.49000000953674316,0.4909999966621399,0.48899999260902405,0.48899999260902405,0.49000000953674316,0.5040000081062317,0.515999972820282,0.5180000066757202,0.5199999809265137,0.5740000009536743,0.6079999804496765,0.6259999871253967,0.6679999828338623,0.6629999876022339,0.656000018119812,0.6710000038146973,1.0,0.6759999990463257,0.7609999775886536,0.7749999761581421,0.7730000019073486,0.5,0.5929999947547913,0.5350000262260437,0.4950000047683716,0.5009999871253967,0.453000009059906],[0.0010000000474974513,0.0,0.0,0.0,0.0,0.0,0.0,0.0,0.0,0.0,0.2980000078678131,0.43700000643730164,0.37700000405311584,0.3919999897480011,0.3930000066757202,0.3930000066757202,0.3930000066757202,0.3930000066757202,0.3930000066757202,0.3930000066757202,0.3930000066757202,0.3919999897480011,0.3919999897480011,0.39100000262260437,0.3919999897480011,0.39100000262260437,0.4009999930858612,0.414000004529953,0.4129999876022339,0.414000004529953,0.4339999854564667,0.4699999988079071,0.48100000619888306,0.5120000243186951,0.5130000114440918,0.5249999761581421,0.628000020980835,0.6759999990463257,1.0,0.8640000224113464,0.8420000076293945,0.8489999771118164,0.49399998784065247,0.5950000286102295,0.5099999904632568,0.6930000185966492,0.6439999938011169,0.6029999852180481],[0.0020000000949949026,0.0010000000474974513,0.0010000000474974513,0.0010000000474974513,0.0010000000474974513,0.0010000000474974513,0.0010000000474974513,0.0010000000474974513,0.0010000000474974513,0.0010000000474974513,0.37400001287460327,0.40700000524520874,0.421999990940094,0.4359999895095825,0.4390000104904175,0.4390000104904175,0.4390000104904175,0.4390000104904175,0.4390000104904175,0.4399999976158142,0.4399999976158142,0.43700000643730164,0.43799999356269836,0.4350000023841858,0.4359999895095825,0.4359999895095825,0.4480000138282776,0.46000000834465027,0.460999995470047,0.4620000123977661,0.5009999871253967,0.5410000085830688,0.5519999861717224,0.5879999995231628,0.5870000123977661,0.6050000190734863,0.7250000238418579,0.7609999775886536,0.8640000224113464,1.0,0.9700000286102295,0.9789999723434448,0.5490000247955322,0.652999997138977,0.5619999766349792,0.6069999933242798,0.5709999799728394,0.5289999842643738],[0.0010000000474974513,0.0010000000474974513,0.0010000000474974513,0.0010000000474974513,0.0010000000474974513,0.0010000000474974513,0.0010000000474974513,0.0010000000474974513,0.0010000000474974513,0.0010000000474974513,0.382999986410141,0.40299999713897705,0.42800000309944153,0.44200000166893005,0.4449999928474426,0.4449999928474426,0.44600000977516174,0.44600000977516174,0.44600000977516174,0.44600000977516174,0.44699999690055847,0.4429999887943268,0.4440000057220459,0.4410000145435333,0.44200000166893005,0.44200000166893005,0.45399999618530273,0.4659999907016754,0.46799999475479126,0.4690000116825104,0.5120000243186951,0.5519999861717224,0.5630000233650208,0.6010000109672546,0.5989999771118164,0.6169999837875366,0.7390000224113464,0.7749999761581421,0.8420000076293945,0.9700000286102295,1.0,0.9850000143051147,0.5540000200271606,0.6629999876022339,0.5709999799728394,0.5899999737739563,0.5609999895095825,0.5199999809265137],[0.0020000000949949026,0.0,0.0010000000474974513,0.0010000000474974513,0.0010000000474974513,0.0010000000474974513,0.0010000000474974513,0.0010000000474974513,0.0010000000474974513,0.0010000000474974513,0.38499999046325684,0.40299999713897705,0.4269999861717224,0.4410000145435333,0.4449999928474426,0.4449999928474426,0.4449999928474426,0.4449999928474426,0.4449999928474426,0.4449999928474426,0.44600000977516174,0.44200000166893005,0.4429999887943268,0.4399999976158142,0.4410000145435333,0.4410000145435333,0.453000009059906,0.4659999907016754,0.46700000762939453,0.46799999475479126,0.5099999904632568,0.5519999861717224,0.5619999766349792,0.5989999771118164,0.5979999899864197,0.6169999837875366,0.7390000224113464,0.7730000019