{"labels":[{"exchange":"EX_ascb__L_e","name":"L-Ascorbate"},{"exchange":"EX_pnto__R_e","name":"(R)-Pantothenate"},{"exchange":"EX_fol_e","name":"Folate"},{"exchange":"EX_pydxn_e","name":"Pyridoxine"},{"exchange":"EX_thm_e","name":"Thiamin"},{"exchange":"EX_nac_e","name":"Nicotinate"},{"exchange":"EX_ribflv_e","name":"Riboflavin C17H20N4O6"},{"exchange":"EX_fe3_e","name":"Iron (Fe3+)"},{"exchange":"EX_fe2_e","name":"Fe2+ mitochondria"},{"exchange":"EX_mn2_e","name":"Manganese"},{"exchange":"EX_cobalt2_e","name":"Co2+"},{"exchange":"EX_zn2_e","name":"Zinc"},{"exchange":"EX_cu2_e","name":"Copper"},{"exchange":"EX_ca2_e","name":"Calcium"},{"exchange":"EX_nh4_e","name":"Ammonium"},{"exchange":"EX_na1_e","name":"Sodium"},{"exchange":"EX_k_e","name":"Potassium"},{"exchange":"EX_pi_e","name":"Phosphate"},{"exchange":"EX_mg2_e","name":"Magnesium"},{"exchange":"EX_so4_e","name":"Sulfate"},{"exchange":"EX_cbl1_e","name":"Cob(I)alamin"},{"exchange":"EX_trp__L_e","name":"L-Tryptophan"},{"exchange":"EX_tyr__L_e","name":"L-Tyrosine"},{"exchange":"EX_pro__L_e","name":"L-Proline"},{"exchange":"EX_ala__L_e","name":"L-Alanine"},{"exchange":"EX_gly_e","name":"Glycine"},{"exchange":"EX_met__L_e","name":"L-Methionine"},{"exchange":"EX_lys__L_e","name":"L-Lysine"},{"exchange":"EX_ile__L_e","name":"L-Isoleucine"},{"exchange":"EX_leu__L_e","name":"L-Leucine"},{"exchange":"EX_thr__L_e","name":"L-Threonine"},{"exchange":"EX_his__L_e","name":"L-Histidine"},{"exchange":"EX_arg__L_e","name":"L-Arginine"},{"exchange":"EX_cys__L_e","name":"L-Cysteine"},{"exchange":"EX_asp__L_e","name":"L-Aspartate"},{"exchange":"EX_glu__L_e","name":"L-Glutamate"},{"exchange":"EX_ser__L_e","name":"L-Serine"},{"exchange":"EX_phe__L_e","name":"L-Phenylalanine"},{"exchange":"EX_val__L_e","name":"L-Valine"},{"exchange":"EX_arachd_e","name":"Arachidonic acid"},{"exchange":"EX_avite1_e","name":"Alpha-Tocopherol"},{"exchange":"EX_chol_e","name":"Choline C5H14NO"},{"exchange":"EX_ddca_e","name":"Dodecanoate (n-C12:0)"},{"exchange":"EX_slnt_e","name":"Selenite"},{"exchange":"EX_ttdca_e","name":"Tetradecanoate (n-C14:0)"},{"exchange":"EX_ocdca_e","name":"Octadecanoate (n-C18:0)"},{"exchange":"EX_ocdcea_e","name":"Octadecenoate (n-C18:1)"},{"exchange":"EX_hdca_e","name":"Hexadecanoate (n-C16:0)"}],"matrix":[[1.0,0.2919999957084656,0.33000001311302185,0.3050000071525574,0.32100000977516174,0.3269999921321869,0.3230000138282776,0.4129999876022339,0.34200000762939453,0.3449999988079071,0.3540000021457672,0.3479999899864197,0.35100001096725464,0.3330000042915344,0.3319999873638153,0.3100000023841858,0.3140000104904175,0.3190000057220459,0.3149999976158142,0.3199999928474426,0.15700000524520874,0.19099999964237213,0.19300000369548798,0.1899999976158142,0.19099999964237213,0.19099999964237213,0.19599999487400055,0.19699999690055847,0.19599999487400055,0.19599999487400055,0.19499999284744263,0.19499999284744263,0.1940000057220459,0.20200000703334808,0.20499999821186066,0.20200000703334808,0.20100000500679016,0.20600000023841858,0.2070000022649765,0.1509999930858612,0.3319999873638153,0.32499998807907104,0.257999986410141,0.37700000405311584,0.3199999928474426,0.4000000059604645,0.4099999964237213,0.41200000047683716],[0.2919999957084656,1.0,0.8410000205039978,0.8489999771118164,0.8870000243186951,0.8960000276565552,0.8980000019073486,0.5559999942779541,0.6830000281333923,0.6859999895095825,0.6819999814033508,0.6809999942779541,0.6769999861717224,0.6959999799728394,0.6769999861717224,0.7429999709129333,0.7229999899864197,0.7089999914169312,0.7229999899864197,0.7039999961853027,0.6930000185966492,0.7580000162124634,0.7609999775886536,0.7590000033378601,0.7599999904632568,0.7599999904632568,0.7630000114440918,0.7630000114440918,0.7620000243186951,0.7630000114440918,0.7620000243186951,0.7620000243186951,0.7620000243186951,0.7910000085830688,0.7870000004768372,0.8019999861717224,0.8019999861717224,0.8019999861717224,0.8050000071525574,0.3179999887943268,0.4189999997615814,0.36399999260902405,0.3400000035762787,0.6190000176429749,0.4790000021457672,0.550000011920929,0.5609999895095825,0.5609999895095825],[0.33000001311302185,0.8410000205039978,1.0,0.8569999933242798,0.8960000276565552,0.9049999713897705,0.9039999842643738,0.5649999976158142,0.6909999847412109,0.6949999928474426,0.6909999847412109,0.6899999976158142,0.6850000023841858,0.703000009059906,0.6850000023841858,0.75,0.7300000190734863,0.7160000205039978,0.7300000190734863,0.7120000123977661,0.6800000071525574,0.6990000009536743,0.699999988079071,0.6980000138282776,0.6980000138282776,0.6990000009536743,0.703000009059906,0.7039999961853027,0.703000009059906,0.703000009059906,0.703000009059906,0.7020000219345093,0.7020000219345093,0.7379999756813049,0.7480000257492065,0.7360000014305115,0.7360000014305115,0.7379999756813049,0.7400000095367432,0.2809999883174896,0.42500001192092896,0.3959999978542328,0.3269999921321869,0.6209999918937683,0.46799999475479126,0.5400000214576721,0.5519999861717224,0.5509999990463257],[0.3050000071525574,0.8489999771118164,0.8569999933242798,1.0,0.9160000085830688,0.9269999861717224,0.921999990940094,0.6850000023841858,0.8080000281333923,0.8130000233650208,0.8109999895095825,0.8080000281333923,0.8040000200271606,0.8190000057220459,0.7990000247955322,0.8650000095367432,0.843999981880188,0.8299999833106995,0.8450000286102295,0.824999988079071,0.6809999942779541,0.7799999713897705,0.781000018119812,0.7789999842643738,0.7789999842643738,0.7789999842643738,0.7839999794960022,0.7850000262260437,0.7829999923706055,0.7839999794960022,0.7829999923706055,0.7820000052452087,0.7820000052452087,0.722000002861023,0.7179999947547913,0.7329999804496765,0.7329999804496765,0.7390000224113464,0.7360000014305115,0.31700000166893005,0.5059999823570251,0.43799999356269836,0.35100001096725464,0.6430000066757202,0.49300000071525574,0.5659999847412109,0.5770000219345093,0.5759999752044678],[0.32100000977516174,0.8870000243186951,0.8960000276565552,0.9160000085830688,1.0,0.9769999980926514,0.9750000238418579,0.6320000290870667,0.7649999856948853,0.765999972820282,0.7590000033378601,0.7609999775886536,0.7559999823570251,0.7770000100135803,0.7590000033378601,0.8240000009536743,0.8050000071525574,0.7910000085830688,0.8059999942779541,0.7879999876022339,0.7160000205039978,0.7260000109672546,0.7300000190734863,0.7279999852180481,0.7279999852180481,0.7279999852180481,0.7329999804496765,0.734000027179718,0.7329999804496765,0.7329999804496765,0.7319999933242798,0.7319999933242798,0.7319999933242798,0.7540000081062317,0.7509999871253967,0.765999972820282,0.765999972820282,0.7680000066757202,0.7699999809265137,0.3269999921321869,0.46000000834465027,0.39500001072883606,0.36899998784065247,0.6740000247955322,0.5189999938011169,0.593999981880188,0.6069999933242798,0.6050000190734863],[0.3269999921321869,0.8960000276565552,0.9049999713897705,0.9269999861717224,0.9769999980926514,1.0,0.9850000143051147,0.6439999938011169,0.7689999938011169,0.7730000019073486,0.7710000276565552,0.7689999938011169,0.7639999985694885,0.7799999713897705,0.7609999775886536,0.8270000219345093,0.8059999942779541,0.7919999957084656,0.8059999942779541,0.7870000004768372,0.7179999947547913,0.7300000190734863,0.7350000143051147,0.7319999933242798,0.7329999804496765,0.7329999804496765,0.7379999756813049,0.7379999756813049,0.7369999885559082,0.7369999885559082,0.7369999885559082,0.7360000014305115,0.7360000014305115,0.7590000033378601,0.7559999823570251,0.7710000276565552,0.7710000276565552,0.7730000019073486,0.7749999761581421,0.33000001311302185,0.46399998664855957,0.4009999930858612,0.3709999918937683,0.6830000281333923,0.5230000019073486,0.6010000109672546,0.6140000224113464,0.6119999885559082],[0.3230000138282776,0.8980000019073486,0.9039999842643738,0.921999990940094,0.9750000238418579,0.9850000143051147,1.0,0.6370000243186951,0.7620000243186951,0.7670000195503235,0.7630000114440918,0.7620000243186951,0.7570000290870667,0.7739999890327454,0.7540000081062317,0.8199999928474426,0.7990000247955322,0.7860000133514404,0.800000011920929,0.781000018119812,0.722000002861023,0.7329999804496765,0.7369999885559082,0.7350000143051147,0.7350000143051147,0.7360000014305115,0.7400000095367432,0.7409999966621399,0.7400000095367432,0.7400000095367432,0.7400000095367432,0.7390000224113464,0.7390000224113464,0.7620000243186951,0.7590000033378601,0.7749999761581421,0.7739999890327454,0.7760000228881836,0.777999997138977,0.3319999873638153,0.46399998664855957,0.4020000100135803,0.37299999594688416,0.6840000152587891,0.5249999761581421,0.6019999980926514,0.6150000095367432,0.6129999756813049],[0.4129999876022339,0.5559999942779541,0.5649999976158142,0.6850000023841858,0.6320000290870667,0.6439999938011169,0.6370000243186951,1.0,0.8050000071525574,0.8209999799728394,0.8410000205039978,0.8299999833106995,0.8360000252723694,0.7940000295639038,0.7900000214576721,0.7409999966621399,0.75,0.7590000033378601,0.7519999742507935,0.7630000114440918,0.39500001072883606,0.4970000088214874,0.49900001287460327,0.4970000088214874,0.4970000088214874,0.4970000088214874,0.503000020980835,0.5040000081062317,0.503000020980835,0.503000020980835,0.503000020980835,0.5019999742507935,0.5009999871253967,0.4390000104904175,0.4359999895095825,0.44999998807907104,0.44999998807907104,0.4569999873638153,0.45500001311302185,0.4350000023841858,0.6959999799728394,0.5950000286102295,0.4880000054836273,0.7329999804496765,0.6949999928474426,0.8019999861717224,0.8169999718666077,0.8169999718666077],[0.34200000762939453,0.6830000281333923,0.6909999847412109,0.8080000281333923,0.7649999856948853,0.7689999938011169,0.7620000243186951,0.8050000071525574,1.0,0.9449999928474426,0.9330000281333923,0.9419999718666077,0.9380000233650208,0.9010000228881836,0.8999999761581421,0.8830000162124634,0.8939999938011169,0.8980000019073486,0.8999999761581421,0.8899999856948853,0.5270000100135803,0.625,0.6259999871253967,0.6240000128746033,0.6240000128746033,0.6240000128746033,0.6309999823570251,0.6309999823570251,0.6299999952316284,0.6299999952316284,0.6290000081062317,0.6290000081062317,0.628000020980835,0.5680000185966492,0.5640000104904175,0.578000009059906,0.5770000219345093,0.5849999785423279,0.5830000042915344,0.35600000619888306,0.5699999928474426,0.48899999260902405,0.4000000059604645,0.7089999914169312,0.5699999928474426,0.6570000052452087,0.6700000166893005,0.6700000166893005],[0.3449999988079071,0.6859999895095825,0.6949999928474426,0.8130000233650208,0.765999972820282,0.7730000019073486,0.7670000195503235,0.8209999799728394,0.9449999928474426,1.0,0.968999981880188,0.9819999933242798,0.9750000238418579,0.902999997138977,0.9079999923706055,0.8830000162124634,0.8889999985694885,0.8939999938011169,0.8960000276565552,0.8849999904632568,0.5289999842643738,0.6290000081062317,0.6299999952316284,0.6269999742507935,0.628000020980835,0.6269999742507935,0.6330000162124634,0.6340000033378601,0.6330000162124634,0.6330000162124634,0.6330000162124634,0.6320000290870667,0.6320000290870667,0.5709999799728394,0.5669999718666077,0.5809999704360962,0.5799999833106995,0.5879999995231628,0.5860000252723694,0.36000001430511475,0.5759999752044678,0.49399998784065247,0.4050000011920929,0.7170000076293945,0.5759999752044678,0.6639999747276306,0.6769999861717224,0.6769999861717224],[0.3540000021457672,0.6819999814033508,0.6909999847412109,0.8109999895095825,0.7590000033378601,0.7710000276565552,0.7630000114440918,0.8410000205039978,0.9330000281333923,0.968999981880188,1.0,0.9800000190734863,0.9779999852180481,0.902999997138977,0.8999999761581421,0.8709999918937683,0.871999979019165,0.8809999823570251,0.8759999871253967,0.8610000014305115,0.5220000147819519,0.6230000257492065,0.6259999871253967,0.6230000257492065,0.6230000257492065,0.6230000257492065,0.6290000081062317,0.6299999952316284,0.6290000081062317,0.6290000081062317,0.6290000081062317,0.628000020980835,0.6269999742507935,0.5659999847412109,0.5619999766349792,0.5759999752044678,0.5759999752044678,0.5830000042915344,0.5809999704360962,0.3700000047683716,0.5920000076293945,0.5070000290870667,0.41600000858306885,0.7350000143051147,0.5910000205039978,0.6819999814033508,0.6949999928474426,0.6949999928474426],[0.3479999899864197,0.6809999942779541,0.6899999976158142,0.8080000281333923,0.7609999775886536,0.7689999938011169,0.7620000243186951,0.8299999833106995,0.9419999718666077,0.9819999933242798,0.9800000190734863,1.0,0.9890000224113464,0.9070000052452087,0.906000018119812,0.8790000081062317,0.8830000162124634,0.890999972820282,0.8859999775886536,0.875,0.5230000019073486,0.6240000128746033,0.625,0.621999979019165,0.6230000257492065,0.621999979019165,0.628000020980835,0.6290000081062317,0.628000020980835,0.628000020980835,0.628000020980835,0.6269999742507935,0.6269999742507935,0.5649999976158142,0.5619999766349792,0.5759999752044678,0.574999988079071,0.5830000042915344,0.5809999704360962,0.36399999260902405,0.5830000042915344,0.49900001287460327,0.4090000092983246,0.7250000238418579,0.5820000171661377,0.6710000038146973,0.6850000023841858,0.6840000152587891],[0.35100001096725464,0.6769999861717224,0.6850000023841858,0.8040000200271606,0.7559999823570251,0.7639999985694885,0.7570000290870667,0.8360000252723694,0.9380000233650208,0.9750000238418579,0.9779999852180481,0.9890000224113464,1.0,0.9070000052452087,0.9039999842643738,0.875,0.878000020980835,0.8849999904632568,0.8830000162124634,0.8690000176429749,0.5180000066757202,0.6179999709129333,0.6200000047683716,0.6169999837875366,0.6179999709129333,0.6179999709129333,0.6230000257492065,0.625,0.6230000257492065,0.6240000128746033,0.6230000257492065,0.6230000257492065,0.621999979019165,0.5600000023841858,0.5569999814033508,0.5709999799728394,0.5709999799728394,0.578000009059906,0.5759999752044678,0.3659999966621399,0.5870000123977661,0.503000020980835,0.41200000047683716,0.7289999723434448,0.5860000252723694,0.6759999990463257,0.6890000104904175,0.6890000104904175],[0.3330000042915344,0.6959999799728394,0.703000009059906,0.8190000057220459,0.7770000100135803,0.7799999713897705,0.7739999890327454,0.7940000295639038,0.9010000228881836,0.902999997138977,0.902999997138977,0.9070000052452087,0.9070000052452087,1.0,0.9139999747276306,0.9039999842643738,0.9190000295639038,0.9079999923706055,0.9340000152587891,0.9070000052452087,0.5410000085830688,0.6389999985694885,0.6389999985694885,0.6370000243186951,0.6370000243186951,0.6370000243186951,0.6430000066757202,0.6439999938011169,0.6430000066757202,0.6430000066757202,0.6420000195503235,0.6420000195503235,0.640999972820282,0.5830000042915344,0.5770000219345093,0.5910000205039978,0.5899999737739563,0.5979999899864197,0.5960000157356262,0.34700000286102295,0.5550000071525574,0.47600001096725464,0.38999998569488525,0.6880000233650208,0.5550000071525574,0.6399999856948853,0.6520000100135803,0.6520000100135803],[0.3319999873638153,0.6769999861717224,0.6850000023841858,0.7990000247955322,0.7590000033378601,0.7609999775886536,0.7540000081062317,0.7900000214576721,0.8999999761581421,0.9079999923706055,0.8999999761581421,0.906000018119812,0.9039999842643738,0.9139999747276306,1.0,0.8939999938011169,0.9200000166893005,0.9340000152587891,0.9210000038146973,0.9049999713897705,0.5239999890327454,0.6200000047683716,0.6209999918937683,0.6190000176429749,0.6190000176429749,0.6190000176429749,0.6259999871253967,0.6259999871253967,0.625,0.625,0.6240000128746033,0.6240000128746033,0.6230000257492065,0.5649999976158142,0.5600000023841858,0.5740000009536743,0.5730000138282776,0.5799999833106995,0.5789999961853027,0.34599998593330383,0.5540000200271606,0.4749999940395355,0.3889999985694885,0.6880000233650208,0.5529999732971191,0.6380000114440918,0.6499999761581421,0.6499999761581421],[0.3100000023841858,0.7429999709129333,0.75,0.8650000095367432,0.8240000009536743,0.8270000219345093,0.8199999928474426,0.7409999966621399,0.8830000162124634,0.8830000162124634,0.8709999918937683,0.8790000081062317,0.875,0.9039999842643738,0.8939999938011169,1.0,0.9350000023841858,0.921999990940094,0.9319999814033508,0.9120000004768372,0.5899999737739563,0.6859999895095825,0.6869999766349792,0.6840000152587891,0.6850000023841858,0.6850000023841858,0.6909999847412109,0.6909999847412109,0.6899999976158142,0.6899999976158142,0.6899999976158142,0.6890000104904175,0.6890000104904175,0.6320000290870667,0.6259999871253967,0.6389999985694885,0.6389999985694885,0.6460000276565552,0.6439999938011169,0.32199999690055847,0.515999972820282,0.4429999887943268,0.3619999885559082,0.6480000019073486,0.515999972820282,0.5950000286102295,0.6060000061988831,0.6060000061988831],[0.3140000104904175,0.7229999899864197,0.7300000190734863,0.843999981880188,0.8050000071525574,0.8059999942779541,0.7990000247955322,0.75,0.8939999938011169,0.8889999985694885,0.871999979019165,0.8830000162124634,0.878000020980835,0.9190000295639038,0.9200000166893005,0.9350000023841858,1.0,0.968999981880188,0.9670000076293945,0.9419999718666077,0.5709999799728394,0.6660000085830688,0.6669999957084656,0.6639999747276306,0.6650000214576721,0.6650000214576721,0.6710000038146973,0.671999990940094,0.6710000038146973,0.6700000166893005,0.6700000166893005,0.6700000166893005,0.6690000295639038,0.6119999885559082,0.6060000061988831,0.6200000047683716,0.6190000176429749,0.6259999871253967,0.6240000128746033,0.3269999921321869,0.5230000019073486,0.4480000138282776,0.367000013589859,0.656000018119812,0.5230000019073486,0.6029999852180481,0.6140000224113464,0.6140000224113464],[0.3190000057220459,0.7089999914169312,0.7160000205039978,0.8299999833106995,0.7910000085830688,0.7919999957084656,0.7860000133514404,0.7590000033378601,0.8980000019073486,0.8939999938011169,0.8809999823570251,0.890999972820282,0.8849999904632568,0.9079999923706055,0.9340000152587891,0.921999990940094,0.968999981880188,1.0,0.9470000267028809,0.9279999732971191,0.5569999814033508,0.652999997138977,0.652999997138977,0.6510000228881836,0.6510000228881836,0.6510000228881836,0.6579999923706055,0.6579999923706055,0.6570000052452087,0.6570000052452087,0.656000018119812,0.656000018119812,0.6549999713897705,0.5979999899864197,0.5929999947547913,0.6060000061988831,0.6050000190734863,0.6129999756813049,0.6110000014305115,0.3310000002384186,0.5299999713897705,0.45399999618530273,0.3720000088214874,0.6629999876022339,0.5289999842643738,0.6100000143051147,0.621999979019165,0.621999979019165],[0.3149999976158142,0.7229999899864197,0.7300000190734863,0.8450000286102295,0.8059999942779541,0.8059999942779541,0.800000011920929,0.7519999742507935,0.8999999761581421,0.8960000276565552,0.8759999871253967,0.8859999775886536,0.8830000162124634,0.9340000152587891,0.9210000038146973,0.9319999814033508,0.9670000076293945,0.9470000267028809,1.0,0.9620000123977661,0.5709999799728394,0.6669999957084656,0.6669999957084656,0.6650000214576721,0.6650000214576721,0.6650000214576721,0.671999990940094,0.671999990940094,0.6710000038146973,0.6710000038146973,0.6700000166893005,0.6700000166893005,0.6690000295639038,0.6110000014305115,0.6060000061988831,0.6200000047683716,0.6190000176429749,0.6269999742507935,0.625,0.328000009059906,0.5239999890327454,0.4490000009536743,0.36800000071525574,0.656000018119812,0.5239999890327454,0.6039999723434448,0.6159999966621399,0.6159999966621399],[0.3199999928474426,0.7039999961853027,0.7120000123977661,0.824999988079071,0.7879999876022339,0.7870000004768372,0.781000018119812,0.7630000114440918,0.8899999856948853,0.8849999904632568,0.8610000014305115,0.875,0.8690000176429749,0.9070000052452087,0.9049999713897705,0.9120000004768372,0.9419999718666077,0.9279999732971191,0.9620000123977661,1.0,0.5529999732971191,0.6480000019073486,0.6489999890327454,0.6460000276565552,0.6470000147819519,0.6460000276565552,0.652999997138977,0.652999997138977,0.6520000100135803,0.6520000100135803,0.6510000228881836,0.6520000100135803,0.6499999761581421,0.5920000076293945,0.5879999995231628,0.6010000109672546,0.6000000238418579,0.6079999804496765,0.6060000061988831,0.3319999873638153,0.5320000052452087,0.4560000002384186,0.37299999594688416,0.6499999761581421,0.5320000052452087,0.6129999756813049,0.625,0.625],[0.15700000524520874,0.6930000185966492,0.6800000071525574,0.6809999942779541,0.7160000205039978,0.7179999947547913,0.722000002861023,0.39500001072883606,0.5270000100135803,0.5289999842643738,0.5220000147819519,0.5230000019073486,0.5180000066757202,0.5410000085830688,0.5239999890327454,0.5899999737739563,0.5709999799728394,0.5569999814033508,0.5709999799728394,0.5529999732971191,1.0,0.6520000100135803,0.6549999713897705,0.656000018119812,0.6549999713897705,0.656000018119812,0.6510000228881836,0.6510000228881836,0.6520000100135803,0.6520000100135803,0.652999997138977,0.6520000100135803,0.6520000100135803,0.6819999814033508,0.6759999990463257,0.6930000185966492,0.6930000185966492,0.6880000233650208,0.6899999976158142,0.3970000147819519,0.328000009059906,0.28299999237060547,0.3720000088214874,0.4860000014305115,0.4440000057220459,0.414000004529953,0.4099999964237213,0.4090000092983246],[0.19099999964237213,0.7580000162124634,0.6990000009536743,0.7799999713897705,0.7260000109672546,0.7300000190734863,0.7329999804496765,0.4970000088214874,0.625,0.6290000081062317,0.6230000257492065,0.6240000128746033,0.6179999709129333,0.6389999985694885,0.6200000047683716,0.6859999895095825,0.6660000085830688,0.652999997138977,0.6669999957084656,0.6480000019073486,0.6520000100135803,1.0,0.9789999723434448,0.9750000238418579,0.9750000238418579,0.9739999771118164,0.9829999804496765,0.9829999804496765,0.9819999933242798,0.9819999933242798,0.9819999933242798,0.9810000061988831,0.9800000190734863,0.9089999794960022,0.8970000147819519,0.9150000214576721,0.9150000214576721,0.9259999990463257,0.9229999780654907,0.30799999833106995,0.37299999594688416,0.3240000009536743,0.2919999957084656,0.5009999871253967,0.4000000059604645,0.4449999928474426,0.45100000500679016,0.44999998807907104],[0.19300000369548798,0.7609999775886536,0.699999988079071,0.781000018119812,0.7300000190734863,0.7350000143051147,0.7369999885559082,0.49900001287460327,0.6259999871253967,0.6299999952316284,0.6259999871253967,0.625,0.6200000047683716,0.6389999985694885,0.6209999918937683,0.6869999766349792,0.6669999957084656,0.652999997138977,0.6669999957084656,0.6489999890327454,0.6549999713897705,0.9789999723434448,1.0,0.9929999709129333,0.9940000176429749,0.9940000176429749,0.9900000095367432,0.9909999966621399,0.9929999709129333,0.9940000176429749,0.9950000047683716,0.9929999709129333,0.9929999709129333,0.9139999747276306,0.9139999747276306,0.9319999814033508,0.9319999814033508,0.9369999766349792,0.9340000152587891,0.3100000023841858,0.3720000088214874,0.32499998807907104,0.2919999957084656,0.503000020980835,0.4009999930858612,0.44699999690055847,0.453000009059906,0.453000009059906],[0.1899999976158142,0.7590000033378601,0.6980000138282776,0.7789999842643738,0.7279999852180481,0.7319999933242798,0.7350000143051147,0.4970000088214874,0.6240000128746033,0.6269999742507935,0.6230000257492065,0.621999979019165,0.6169999837875366,0.6370000243186951,0.6190000176429749,0.6840000152587891,0.6639999747276306,0.6510000228881836,0.6650000214576721,0.6460000276565552,0.656000018119812,0.9750000238418579,0.9929999709129333,1.0,0.996999979019165,0.9959999918937683,0.9850000143051147,0.9860000014305115,0.9890000224113464,0.9900000095367432,0.9900000095367432,0.9900000095367432,0.9909999966621399,0.9100000262260437,0.9169999957084656,0.9340000152587891,0.9350000023841858,0.9330000281333923,0.9300000071525574,0.3100000023841858,0.3709999918937683,0.3240000009536743,0.2930000126361847,0.5009999871253967,0.4009999930858612,0.4449999928474426,0.45100000500679016,0.44999998807907104],[0.19099999964237213,0.7599999904632568,0.6980000138282776,0.7789999842643738,0.7279999852180481,0.7329999804496765,0.7350000143051147,0.4970000088214874,0.6240000128746033,0.628000020980835,0.6230000257492065,0.6230000257492065,0.6179999709129333,0.6370000243186951,0.6190000176429749,0.6850000023841858,0.6650000214576721,0.6510000228881836,0.6650000214576721,0.6470000147819519,0.6549999713897705,0.9750000238418579,0.9940000176429749,0.996999979019165,1.0,0.9980000257492065,0.9860000014305115,0.9869999885559082,0.9900000095367432,0.9900000095367432,0.9909999966621399,0.9919999837875366,0.9919999837875366,0.9110000133514404,0.9169999957084656,0.9350000023841858,0.9359999895095825,0.9340000152587891,0.9309999942779541,0.3100000023841858,0.3709999918937683,0.3240000009536743,0.2930000126361847,0.5009999871253967,0.4000000059604645,0.44600000977516174,0.45100000500679016,0.45100000500679016],[0.19099999964237213,0.7599999904632568,0.6990000009536743,0.7789999842643738,0.7279999852180481,0.7329999804496765,0.7360000014305115,0.4970000088214874,0.6240000128746033,0.6269999742507935,0.6230000257492065,0.621999979019165,0.6179999709129333,0.6370000243186951,0.6190000176429749,0.6850000023841858,0.6650000214576721,0.6510000228881836,0.6650000214576721,0.6460000276565552,0.656000018119812,0.9739999771118164,0.9940000176429749,0.9959999918937683,0.9980000257492065,1.0,0.9860000014305115,0.9869999885559082,0.9890000224113464,0.9909999966621399,0.9909999966621399,0.9909999966621399,0.9919999837875366,0.9110000133514404,0.9169999957084656,0.9350000023841858,0.9359999895095825,0.9340000152587891,0.9309999942779541,0.3100000023841858,0.3709999918937683,0.3240000009536743,0.2930000126361847,0.5009999871253967,0.4009999930858612,0.44600000977516174,0.4519999921321869,0.45100000500679016],[0.19599999487400055,0.7630000114440918,0.703000009059906,0.7839999794960022,0.7329999804496765,0.7379999756813049,0.7400000095367432,0.503000020980835,0.6309999823570251,0.6330000162124634,0.6290000081062317,0.628000020980835,0.6230000257492065,0.6430000066757202,0.6259999871253967,0.6909999847412109,0.6710000038146973,0.6579999923706055,0.671999990940094,0.652999997138977,0.6510000228881836,0.9829999804496765,0.9900000095367432,0.9850000143051147,0.9860000014305115,0.9860000014305115,1.0,0.9950000047683716,0.9929999709129333,0.9929999709129333,0.9929999709129333,0.9919999837875366,0.9919999837875366,0.9120000004768372,0.9079999923706055,0.9259999990463257,0.9269999861717224,0.9359999895095825,0.9330000281333923,0.3089999854564667,0.37299999594688416,0.32600000500679016,0.29100000858306885,0.5070000290870667,0.4009999930858612,0.4490000009536743,0.4560000002384186,0.45500001311302185],[0.19699999690055847,0.7630000114440918,0.7039999961853027,0.7850000262260437,0.734000027179718,0.7379999756813049,0.7409999966621399,0.5040000081062317,0.6309999823570251,0.6340000033378601,0.6299999952316284,0.6290000081062317,0.625,0.6439999938011169,0.6259999871253967,0.6909999847412109,0.671999990940094,0.6579999923706055,0.671999990940094,0.652999997138977,0.6510000228881836,0.9829999804496765,0.9909999966621399,0.9860000014305115,0.9869999885559082,0.9869999885559082,0.9950000047683716,1.0,0.9959999918937683,0.9959999918937683,0.9950000047683716,0.9940000176429749,0.9929999709129333,0.9120000004768372,0.9079999923706055,0.9269999861717224,0.9269999861717224,0.9380000233650208,0.9350000023841858,0.30799999833106995,0.37299999594688416,0.3269999921321869,0.29100000858306885,0.5070000290870667,0.4020000100135803,0.44999998807907104,0.4569999873638153,0.4560000002384186],[0.19599999487400055,0.7620000243186951,0.703000009059906,0.7829999923706055,0.7329999804496765,0.7369999885559082,0.7400000095367432,0.503000020980835,0.6299999952316284,0.6330000162124634,0.6290000081062317,0.628000020980835,0.6230000257492065,0.6430000066757202,0.625,0.6899999976158142,0.6710000038146973,0.6570000052452087,0.6710000038146973,0.6520000100135803,0.6520000100135803,0.9819999933242798,0.9929999709129333,0.9890000224113464,0.9900000095367432,0.9890000224113464,0.9929999709129333,0.9959999918937683,1.0,0.9980000257492065,0.9980000257492065,0.9959999918937683,0.9950000047683716,0.9139999747276306,0.9100000262260437,0.9290000200271606,0.9290000200271606,0.9399999976158142,0.9369999766349792,0.3089999854564667,0.37299999594688416,0.32600000500679016,0.2919999957084656,0.5059999823570251,0.4020000100135803,0.4490000009536743,0.4560000002384186,0.45500001311302185],[0.19599999487400055,0.7630000114440918,0.703000009059906,0.7839999794960022,0.7329999804496765,0.7369999885559082,0.7400000095367432,0.503000020980835,0.6299999952316284,0.6330000162124634,0.6290000081062317,0.628000020980835,0.6240000128746033,0.6430000066757202,0.625,0.6899999976158142,0.6700000166893005,0.6570000052452087,0.6710000038146973,0.6520000100135803,0.6520000100135803,0.9819999933242798,0.9940000176429749,0.9900000095367432,0.9900000095367432,0.9909999966621399,0.9929999709129333,0.9959999918937683,0.9980000257492065,1.0,0.9990000128746033,0.996999979019165,0.9959999918937683,0.9139999747276306,0.9110000133514404,0.9290000200271606,0.9290000200271606,0.9399999976158142,0.9369999766349792,0.3089999854564667,0.37299999594688416,0.32600000500679016,0.2919999957084656,0.5059999823570251,0.4020000100135803,0.4490000009536743,0.4560000002384186,0.45500001311302185],[0.19499999284744263,0.7620000243186951,0.703000009059906,0.7829999923706055,0.7319999933242798,0.7369999885559082,0.7400000095367432,0.503000020980835,0.6290000081062317,0.6330000162124634,0.6290000081062317,0.628000020980835,0.6230000257492065,0.6420000195503235,0.6240000128746033,0.6899999976158142,0.6700000166893005,0.656000018119812,0.6700000166893005,0.6510000228881836,0.652999997138977,0.9819999933242798,0.9950000047683716,0.9900000095367432,0.9909999966621399,0.9909999966621399,0.9929999709129333,0.9950000047683716,0.9980000257492065,0.9990000128746033,1.0,0.996999979019165,0.996999979019165,0.9129999876022339,0.9110000133514404,0.9290000200271606,0.9300000071525574,0.9399999976158142,0.9369999766349792,0.3089999854564667,0.37299999594688416,0.32600000500679016,0.2919999957084656,0.5059999823570251,0.4020000100135803,0.4490000009536743,0.4560000002384186,0.45500001311302185],[0.19499999284744263,0.7620000243186951,0.7020000219345093,0.7820000052452087,0.7319999933242798,0.7360000014305115,0.7390000224113464,0.5019999742507935,0.6290000081062317,0.6320000290870667,0.628000020980835,0.6269999742507935,0.6230000257492065,0.6420000195503235,0.6240000128746033,0.6890000104904175,0.6700000166893005,0.656000018119812,0.6700000166893005,0.6520000100135803,0.6520000100135803,0.9810000061988831,0.9929999709129333,0.9900000095367432,0.9919999837875366,0.9909999966621399,0.9919999837875366,0.9940000176429749,0.9959999918937683,0.996999979019165,0.996999979019165,1.0,0.996999979019165,0.9129999876022339,0.9110000133514404,0.9290000200271606,0.9300000071525574,0.9390000104904175,0.9359999895095825,0.3089999854564667,0.3720000088214874,0.32600000500679016,0.2919999957084656,0.5049999952316284,0.4020000100135803,0.4490000009536743,0.45500001311302185,0.45399999618530273],[0.1940000057220459,0.7620000243186951,0.7020000219345093,0.7820000052452087,0.7319999933242798,0.7360000014305115,0.7390000224113464,0.5009999871253967,0.628000020980835,0.6320000290870667,0.6269999742507935,0.6269999742507935,0.621999979019165,0.640999972820282,0.6230000257492065,0.6890000104904175,0.6690000295639038,0.6549999713897705,0.6690000295639038,0.6499999761581421,0.6520000100135803,0.9800000190734863,0.9929999709129333,0.9909999966621399,0.9919999837875366,0.9919999837875366,0.9919999837875366,0.9929999709129333,0.9950000047683716,0.9959999918937683,0.996999979019165,0.996999979019165,1.0,0.9120000004768372,0.9120000004768372,0.9300000071525574,0.9300000071525574,0.9390000104904175,0.9350000023841858,0.3100000023841858,0.37299999594688416,0.32600000500679016,0.2919999957084656,0.5049999952316284,0.4020000100135803,0.4480000138282776,0.45500001311302185,0.45399999618530273],[0.20200000703334808,0.7910000085830688,0.7379999756813049,0.722000002861023,0.7540000081062317,0.7590000033378601,0.7620000243186951,0.4390000104904175,0.5680000185966492,0.5709999799728394,0.5659999847412109,0.5649999976158142,0.5600000023841858,0.5830000042915344,0.5649999976158142,0.6320000290870667,0.6119999885559082,0.5979999899864197,0.6110000014305115,0.5920000076293945,0.6819999814033508,0.9089999794960022,0.9139999747276306,0.9100000262260437,0.9110000133514404,0.9110000133514404,0.9120000004768372,0.9120000004768372,0.9139999747276306,0.9139999747276306,0.9129999876022339,0.9129999876022339,0.9120000004768372,1.0,0.9670000076293945,0.968999981880188,0.9700000286102295,0.968999981880188,0.972000002861023,0.31200000643730164,0.3230000138282776,0.2879999876022339,0.30000001192092896,0.515999972820282,0.41100001335144043,0.4580000042915344,0.4650000035762787,0.46399998664855957],[0.20499999821186066,0.7870000004768372,0.7480000257492065,0.7179999947547913,0.7509999871253967,0.7559999823570251,0.7590000033378601,0.4359999895095825,0.5640000104904175,0.5669999718666077,0.5619999766349792,0.5619999766349792,0.5569999814033508,0.5770000219345093,0.5600000023841858,0.6259999871253967,0.6060000061988831,0.5929999947547913,0.6060000061988831,0.5879999995231628,0.6759999990463257,0.8970000147819519,0.9139999747276306,0.9169999957084656,0.9169999957084656,0.9169999957084656,0.9079999923706055,0.9079999923706055,0.9100000262260437,0.9110000133514404,0.9110000133514404,0.9110000133514404,0.9120000004768372,0.9670000076293945,1.0,0.9779999852180481,0.9779999852180481,0.9679999947547913,0.9710000157356262,0.3059999942779541,0.3179999887943268,0.2939999997615814,0.2939999997615814,0.5130000114440918,0.40700000524520874,0.45399999618530273,0.46000000834465027,0.46000000834465027],[0.20200000703334808,0.8019999861717224,0.7360000014305115,0.7329999804496765,0.765999972820282,0.7710000276565552,0.7749999761581421,0.44999998807907104,0.578000009059906,0.5809999704360962,0.5759999752044678,0.5759999752044678,0.5709999799728394,0.5910000205039978,0.5740000009536743,0.6389999985694885,0.6200000047683716,0.6060000061988831,0.6200000047683716,0.6010000109672546,0.6930000185966492,0.9150000214576721,0.9319999814033508,0.9340000152587891,0.9350000023841858,0.9350000023841858,0.9259999990463257,0.9269999861717224,0.9290000200271606,0.9290000200271606,0.9290000200271606,0.9290000200271606,0.9300000071525574,0.968999981880188,0.9779999852180481,1.0,0.9980000257492065,0.9869999885559082,0.9900000095367432,0.3230000138282776,0.3330000042915344,0.28999999165534973,0.3100000023841858,0.5289999842643738,0.4230000078678131,0.4699999988079071,0.47600001096725464,0.47600001096725464],[0.20100000500679016,0.8019999861717224,0.7360000014305115,0.7329999804496765,0.765999972820282,0.7710000276565552,0.7739999890327454,0.44999998807907104,0.5770000219345093,0.5799999833106995,0.5759999752044678,0.574999988079071,0.5709999799728394,0.5899999737739563,0.5730000138282776,0.6389999985694885,0.6190000176429749,0.6050000190734863,0.6190000176429749,0.6000000238418579,0.6930000185966492,0.9150000214576721,0.9319999814033508,0.9350000023841858,0.9359999895095825,0.9359999895095825,0.9269999861717224,0.9269999861717224,0.9290000200271606,0.9290000200271606,0.9300000071525574,0.9300000071525574,0.9300000071525574,0.9700000286102295,0.9779999852180481,0.9980000257492065,1.0,0.9869999885559082,0.9900000095367432,0.3230000138282776,0.3330000042915344,0.28999999165534973,0.3100000023841858,0.5289999842643738,0.4230000078678131,0.4699999988079071,0.47600001096725464,0.47600001096725464],[0.20600000023841858,0.8019999861717224,0.7379999756813049,0.7390000224113464,0.7680000066757202,0.7730000019073486,0.7760000228881836,0.4569999873638153,0.5849999785423279,0.5879999995231628,0.5830000042915344,0.5830000042915344,0.578000009059906,0.5979999899864197,0.5799999833106995,0.6460000276565552,0.6259999871253967,0.6129999756813049,0.6269999742507935,0.6079999804496765,0.6880000233650208,0.9259999990463257,0.9369999766349792,0.9330000281333923,0.9340000152587891,0.9340000152587891,0.9359999895095825,0.9380000233650208,0.9399999976158142,0.9399999976158142,0.9399999976158142,0.9390000104904175,0.9390000104904175,0.968999981880188,0.9679999947547913,0.9869999885559082,0.9869999885559082,1.0,0.9950000047683716,0.32100000977516174,0.3370000123977661,0.2939999997615814,0.30799999833106995,0.531000018119812,0.4230000078678131,0.47099998593330383,0.4779999852180481,0.4779999852180481],[0.2070000022649765,0.8050000071525574,0.7400000095367432,0.7360000014305115,0.7699999809265137,0.7749999761581421,0.777999997138977,0.45500001311302185,0.5830000042915344,0.5860000252723694,0.5809999704360962,0.5809999704360962,0.5759999752044678,0.5960000157356262,0.5789999961853027,0.6439999938011169,0.6240000128746033,0.6110000014305115,0.625,0.6060000061988831,0.6899999976158142,0.9229999780654907,0.9340000152587891,0.9300000071525574,0.9309999942779541,0.9309999942779541,0.9330000281333923,0.9350000023841858,0.9369999766349792,0.9369999766349792,0.9369999766349792,0.9359999895095825,0.9350000023841858,0.972000002861023,0.9710000157356262,0.9900000095367432,0.9900000095367432,0.9950000047683716,1.0,0.32199999690055847,0.33500000834465027,0.2919999957084656,0.3089999854564667,0.5329999923706055,0.42399999499320984,0.4729999899864197,0.47999998927116394,0.4790000021457672],[0.1509999930858612,0.3179999887943268,0.2809999883174896,0.31700000166893005,0.3269999921321869,0.33000001311302185,0.3319999873638153,0.4350000023841858,0.35600000619888306,0.36000001430511475,0.3700000047683716,0.36399999260902405,0.3659999966621399,0.34700000286102295,0.34599998593330383,0.32199999690055847,0.3269999921321869,0.3310000002384186,0.328000009059906,0.3319999873638153,0.3970000147819519,0.30799999833106995,0.3100000023841858,0.3100000023841858,0.3100000023841858,0.3100000023841858,0.3089999854564667,0.30799999833106995,0.3089999854564667,0.3089999854564667,0.3089999854564667,0.3089999854564667,0.3100000023841858,0.31200000643730164,0.3059999942779541,0.3230000138282776,0.3230000138282776,0.32100000977516174,0.32199999690055847,1.0,0.42899999022483826,0.3540000021457672,0.5289999842643738,0.4560000002384186,0.6039999723434448,0.531000018119812,0.5210000276565552,0.5199999809265137],[0.3319999873638153,0.4189999997615814,0.42500001192092896,0.5059999823570251,0.46000000834465027,0.46399998664855957,0.46399998664855957,0.6959999799728394,0.5699999928474426,0.5759999752044678,0.5920000076293945,0.5830000042915344,0.5870000123977661,0.5550000071525574,0.5540000200271606,0.515999972820282,0.5230000019073486,0.5299999713897705,0.5239999890327454,0.5320000052452087,0.328000009059906,0.37299999594688416,0.3720000088214874,0.3709999918937683,0.3709999918937683,0.3709999918937683,0.37299999594688416,0.37299999594688416,0.37299999594688416,0.37299999594688416,0.37299999594688416,0.3720000088214874,0.37299999594688416,0.3230000138282776,0.3179999887943268,0.3330000042915344,0.3330000042915344,0.3370000123977661,0.33500000834465027,0.42899999022483826,1.0,0.7689999938011169,0.4569999873638153,0.5989999771118164,0.5979999899864197,0.6570000052452087,0.6660000085830688,0.6660000085830688],[0.32499998807907104,0.36399999260902405,0.3959999978542328,0.43799999356269836,0.39500001072883606,0.4009999930858612,0.4020000100135803,0.5950000286102295,0.48899999260902405,0.49399998784065247,0.5070000290870667,0.49900001287460327,0.503000020980835,0.47600001096725464,0.4749999940395355,0.4429999887943268,0.4480000138282776,0.45399999618530273,0.4490000009536743,0.4560000002384186,0.28299999237060547,0.3240000009536743,0.32499998807907104,0.3240000009536743,0.3240000009536743,0.3240000009536743,0.32600000500679016,0.3269999921321869,0.32600000500679016,0.32600000500679016,0.32600000500679016,0.32600000500679016,0.32600000500679016,0.2879999876022339,0.2939999997615814,0.28999999165534973,0.28999999165534973,0.2939999997615814,0.2919999957084656,0.3540000021457672,0.7689999938011169,1.0,0.3959999978542328,0.5389999747276306,0.5130000114440918,0.5640000104904175,0.5740000009536743,0.5740000009536743],[0.257999986410141,0.3400000035762787,0.3269999921321869,0.35100001096725464,0.36899998784065247,0.3709999918937683,0.37299999594688416,0.4880000054836273,0.4000000059604645,0.4050000011920929,0.41600000858306885