{"labels":[{"exchange":"EX_btn_e","name":"Biotin"},{"exchange":"EX_4abz_e","name":"4-Aminobenzoate"},{"exchange":"EX_uri_e","name":"Uridine"},{"exchange":"EX_adn_e","name":"Adenosine"},{"exchange":"EX_ins_e","name":"Inosine"},{"exchange":"EX_thymd_e","name":"Thymidine C10H14N2O5"},{"exchange":"EX_asn__L_e","name":"L-Asparagine"},{"exchange":"EX_gln__L_e","name":"L-Glutamine"},{"exchange":"EX_ascb__L_e","name":"L-Ascorbate"},{"exchange":"EX_cbl1_e","name":"Cob(I)alamin"},{"exchange":"EX_asp__L_e","name":"L-Aspartate"},{"exchange":"EX_trp__L_e","name":"L-Tryptophan"},{"exchange":"EX_arg__L_e","name":"L-Arginine"},{"exchange":"EX_his__L_e","name":"L-Histidine"},{"exchange":"EX_ile__L_e","name":"L-Isoleucine"},{"exchange":"EX_leu__L_e","name":"L-Leucine"},{"exchange":"EX_thr__L_e","name":"L-Threonine"},{"exchange":"EX_met__L_e","name":"L-Methionine"},{"exchange":"EX_lys__L_e","name":"L-Lysine"},{"exchange":"EX_glu__L_e","name":"L-Glutamate"},{"exchange":"EX_tyr__L_e","name":"L-Tyrosine"},{"exchange":"EX_pro__L_e","name":"L-Proline"},{"exchange":"EX_gly_e","name":"Glycine"},{"exchange":"EX_ala__L_e","name":"L-Alanine"},{"exchange":"EX_cys__L_e","name":"L-Cysteine"},{"exchange":"EX_ser__L_e","name":"L-Serine"},{"exchange":"EX_phe__L_e","name":"L-Phenylalanine"},{"exchange":"EX_val__L_e","name":"L-Valine"},{"exchange":"EX_pnto__R_e","name":"(R)-Pantothenate"},{"exchange":"EX_pydxn_e","name":"Pyridoxine"},{"exchange":"EX_fol_e","name":"Folate"},{"exchange":"EX_phllqne_e","name":"Vitamin K (phylloquinone)"},{"exchange":"EX_avite1_e","name":"Alpha-Tocopherol"},{"exchange":"EX_chol_e","name":"Choline C5H14NO"},{"exchange":"EX_retinol_e","name":"All-trans-Retinol"},{"exchange":"EX_lnlnca_e","name":"PUFA 18:3"},{"exchange":"EX_hdca_e","name":"Hexadecanoate (n-C16:0)"},{"exchange":"EX_ocdca_e","name":"Octadecanoate (n-C18:0)"},{"exchange":"EX_lnlc_e","name":"PUFA 18:2"},{"exchange":"EX_ocdcea_e","name":"Octadecenoate (n-C18:1)"},{"exchange":"EX_ttdca_e","name":"Tetradecanoate (n-C14:0)"},{"exchange":"EX_hdcea_e","name":"MUFA 16:1"},{"exchange":"EX_slnt_e","name":"Selenite"},{"exchange":"EX_nh4_e","name":"Ammonium"},{"exchange":"EX_fe3_e","name":"Iron (Fe3+)"},{"exchange":"EX_ddca_e","name":"Dodecanoate (n-C12:0)"},{"exchange":"EX_choles_e","name":"Cholesterol"},{"exchange":"EX_arachd_e","name":"Arachidonic acid"}],"matrix":[[1.0,0.9200000166893005,0.9120000004768372,0.9129999876022339,0.9139999747276306,0.9129999876022339,0.8840000033378601,0.8859999775886536,0.024000000208616257,0.42399999499320984,0.3970000147819519,0.3919999897480011,0.3889999985694885,0.3880000114440918,0.3880000114440918,0.3880000114440918,0.3880000114440918,0.3880000114440918,0.38600000739097595,0.39100000262260437,0.3889999985694885,0.39100000262260437,0.39100000262260437,0.38999998569488525,0.39800000190734863,0.3919999897480011,0.39100000262260437,0.38999998569488525,0.34700000286102295,0.32600000500679016,0.34599998593330383,0.017999999225139618,0.01600000075995922,0.014999999664723873,0.01600000075995922,0.014000000432133675,0.0020000000949949026,0.0020000000949949026,0.014000000432133675,0.017000000923871994,0.0010000000474974513,0.0010000000474974513,0.08299999684095383,0.19300000369548798,0.05000000074505806,0.0010000000474974513,0.008999999612569809,0.004999999888241291],[0.9200000166893005,1.0,0.9890000224113464,0.9900000095367432,0.9900000095367432,0.9900000095367432,0.9440000057220459,0.9509999752044678,0.006000000052154064,0.4269999861717224,0.38499999046325684,0.3790000081062317,0.37599998712539673,0.37599998712539673,0.37599998712539673,0.37599998712539673,0.37599998712539673,0.375,0.375,0.3779999911785126,0.3779999911785126,0.3790000081062317,0.3779999911785126,0.3790000081062317,0.40700000524520874,0.4020000100135803,0.39800000190734863,0.39899998903274536,0.3370000123977661,0.3100000023841858,0.3330000042915344,0.004000000189989805,0.0010000000474974513,0.0020000000949949026,0.0,0.0,0.0,0.0,0.0,0.003000000026077032,0.0,0.0,0.06599999964237213,0.17000000178813934,0.026000000536441803,0.0,0.0,0.0010000000474974513],[0.9120000004768372,0.9890000224113464,1.0,0.9980000257492065,0.9950000047683716,0.9950000047683716,0.9480000138282776,0.9549999833106995,0.006000000052154064,0.4259999990463257,0.38499999046325684,0.3790000081062317,0.37700000405311584,0.37700000405311584,0.37599998712539673,0.37599998712539673,0.37700000405311584,0.37599998712539673,0.37599998712539673,0.3790000081062317,0.3779999911785126,0.3790000081062317,0.3790000081062317,0.3790000081062317,0.4059999883174896,0.40400001406669617,0.39899998903274536,0.4000000059604645,0.3370000123977661,0.3100000023841858,0.3310000002384186,0.004000000189989805,0.0010000000474974513,0.0020000000949949026,0.0,0.0,0.0010000000474974513,0.0010000000474974513,0.0,0.004000000189989805,0.0,0.0,0.06499999761581421,0.1679999977350235,0.02500000037252903,0.0,0.0,0.0010000000474974513],[0.9129999876022339,0.9900000095367432,0.9980000257492065,1.0,0.996999979019165,0.996999979019165,0.9480000138282776,0.9559999704360962,0.006000000052154064,0.4269999861717224,0.38600000739097595,0.3790000081062317,0.37700000405311584,0.37700000405311584,0.37599998712539673,0.37599998712539673,0.37700000405311584,0.37599998712539673,0.37599998712539673,0.3790000081062317,0.3779999911785126,0.3799999952316284,0.3790000081062317,0.3790000081062317,0.40700000524520874,0.40400001406669617,0.39899998903274536,0.4000000059604645,0.3370000123977661,0.3100000023841858,0.3319999873638153,0.004000000189989805,0.0010000000474974513,0.0020000000949949026,0.0,0.0,0.0010000000474974513,0.0010000000474974513,0.0010000000474974513,0.004000000189989805,0.0,0.0010000000474974513,0.06599999964237213,0.1679999977350235,0.02500000037252903,0.0,0.0,0.0010000000474974513],[0.9139999747276306,0.9900000095367432,0.9950000047683716,0.996999979019165,1.0,0.996999979019165,0.9480000138282776,0.9549999833106995,0.006000000052154064,0.4269999861717224,0.38600000739097595,0.3790000081062317,0.37700000405311584,0.37700000405311584,0.37700000405311584,0.37700000405311584,0.37700000405311584,0.37599998712539673,0.37599998712539673,0.3790000081062317,0.3790000081062317,0.3799999952316284,0.3799999952316284,0.3790000081062317,0.40700000524520874,0.40400001406669617,0.39899998903274536,0.4000000059604645,0.3370000123977661,0.3100000023841858,0.3319999873638153,0.004000000189989805,0.0010000000474974513,0.003000000026077032,0.0,0.0,0.0010000000474974513,0.0010000000474974513,0.0010000000474974513,0.004000000189989805,0.0,0.0010000000474974513,0.06599999964237213,0.16899999976158142,0.02500000037252903,0.0,0.0,0.0010000000474974513],[0.9129999876022339,0.9900000095367432,0.9950000047683716,0.996999979019165,0.996999979019165,1.0,0.9470000267028809,0.9539999961853027,0.004999999888241291,0.4259999990463257,0.38499999046325684,0.3790000081062317,0.37700000405311584,0.37599998712539673,0.37599998712539673,0.37599998712539673,0.37599998712539673,0.37599998712539673,0.375,0.3779999911785126,0.3779999911785126,0.3790000081062317,0.3790000081062317,0.3790000081062317,0.40700000524520874,0.40299999713897705,0.39899998903274536,0.4000000059604645,0.3370000123977661,0.3100000023841858,0.3319999873638153,0.004000000189989805,0.0010000000474974513,0.0020000000949949026,0.0,0.0,0.0010000000474974513,0.0010000000474974513,0.0010000000474974513,0.003000000026077032,0.0,0.0,0.06599999964237213,0.16899999976158142,0.02500000037252903,0.0,0.0,0.0010000000474974513],[0.8840000033378601,0.9440000057220459,0.9480000138282776,0.9480000138282776,0.9480000138282776,0.9470000267028809,1.0,0.9900000095367432,0.00800000037997961,0.4180000126361847,0.4050000011920929,0.39500001072883606,0.3959999978542328,0.39500001072883606,0.39500001072883606,0.39500001072883606,0.39500001072883606,0.39399999380111694,0.39399999380111694,0.3959999978542328,0.3970000147819519,0.39899998903274536,0.39800000190734863,0.39800000190734863,0.421999990940094,0.41600000858306885,0.41600000858306885,0.41499999165534973,0.33500000834465027,0.3089999854564667,0.3310000002384186,0.007000000216066837,0.003000000026077032,0.004999999888241291,0.003000000026077032,0.003000000026077032,0.0010000000474974513,0.0010000000474974513,0.003000000026077032,0.006000000052154064,0.0,0.0010000000474974513,0.06700000166893005,0.18299999833106995,0.03500000014901161,0.0,0.0010000000474974513,0.0010000000474974513],[0.8859999775886536,0.9509999752044678,0.9549999833106995,0.9559999704360962,0.9549999833106995,0.9539999961853027,0.9900000095367432,1.0,0.006000000052154064,0.4189999997615814,0.4020000100135803,0.3919999897480011,0.3930000066757202,0.3930000066757202,0.3930000066757202,0.3930000066757202,0.3930000066757202,0.3919999897480011,0.3919999897480011,0.3930000066757202,0.39500001072883606,0.3959999978542328,0.39500001072883606,0.39500001072883606,0.4230000078678131,0.4180000126361847,0.41600000858306885,0.4169999957084656,0.3330000042915344,0.3070000112056732,0.328000009059906,0.004000000189989805,0.0010000000474974513,0.003000000026077032,0.0,0.0010000000474974513,0.0010000000474974513,0.0010000000474974513,0.0010000000474974513,0.004000000189989805,0.0,0.0010000000474974513,0.06499999761581421,0.1809999942779541,0.032999999821186066,0.0,0.0,0.0010000000474974513],[0.024000000208616257,0.006000000052154064,0.006000000052154064,0.006000000052154064,0.006000000052154064,0.004999999888241291,0.00800000037997961,0.006000000052154064,1.0,0.16599999368190765,0.2240000069141388,0.22300000488758087,0.2240000069141388,0.2240000069141388,0.22499999403953552,0.22599999606609344,0.22499999403953552,0.22599999606609344,0.22699999809265137,0.2199999988079071,0.22200000286102295,0.21899999678134918,0.2199999988079071,0.2199999988079071,0.18400000035762787,0.18299999833106995,0.1899999976158142,0.18799999356269836,0.3109999895095825,0.3409999907016754,0.3479999899864197,0.39500001072883606,0.38499999046325684,0.37599998712539673,0.5289999842643738,0.4020000100135803,0.38499999046325684,0.37400001287460327,0.4189999997615814,0.41100001335144043,0.2980000078678131,0.30000001192092896,0.40400001406669617,0.35899999737739563,0.42899999022483826,0.2370000034570694,0.2240000069141388,0.14399999380111694],[0.42399999499320984,0.4269999861717224,0.4259999990463257,0.4269999861717224,0.4269999861717224,0.4259999990463257,0.4180000126361847,0.4189999997615814,0.16599999368190765,1.0,0.6679999828338623,0.6830000281333923,0.6809999942779541,0.6800000071525574,0.6800000071525574,0.6809999942779541,0.6809999942779541,0.6800000071525574,0.6790000200271606,0.6840000152587891,0.6830000281333923,0.6840000152587891,0.6840000152587891,0.6840000152587891,0.6660000085830688,0.6790000200271606,0.6729999780654907,0.6740000247955322,0.6880000233650208,0.7120000123977661,0.6759999990463257,0.2529999911785126,0.3400000035762787,0.2930000126361847,0.328000009059906,0.39100000262260437,0.3880000114440918,0.3919999897480011,0.39399999380111694,0.3919999897480011,0.4189999997615814,0.41200000047683716,0.4690000116825104,0.5379999876022339,0.39800000190734863,0.3479999899864197,0.49799999594688416,0.37599998712539673],[0.3970000147819519,0.38499999046325684,0.38499999046325684,0.38600000739097595,0.38600000739097595,0.38499999046325684,0.4050000011920929,0.4020000100135803,0.2240000069141388,0.6679999828338623,1.0,0.9559999704360962,0.9739999771118164,0.9739999771118164,0.972000002861023,0.9729999899864197,0.9729999899864197,0.968999981880188,0.9700000286102295,0.9760000109672546,0.9760000109672546,0.9789999723434448,0.9779999852180481,0.9789999723434448,0.9110000133514404,0.9190000295639038,0.9190000295639038,0.9160000085830688,0.7850000262260437,0.7580000162124634,0.7459999918937683,0.27799999713897705,0.3409999907016754,0.3149999976158142,0.3409999907016754,0.4339999854564667,0.41999998688697815,0.41499999165534973,0.4449999928474426,0.4429999887943268,0.3700000047683716,0.37700000405311584,0.5070000290870667,0.6079999804496765,0.46299999952316284,0.26600000262260437,0.33399999141693115,0.28200000524520874],[0.3919999897480011,0.3790000081062317,0.3790000081062317,0.3790000081062317,0.3790000081062317,0.3790000081062317,0.39500001072883606,0.3919999897480011,0.22300000488758087,0.6830000281333923,0.9559999704360962,1.0,0.9779999852180481,0.9800000190734863,0.9800000190734863,0.9810000061988831,0.9800000190734863,0.9819999933242798,0.9819999933242798,0.9700000286102295,0.9769999980926514,0.9729999899864197,0.9729999899864197,0.972000002861023,0.9089999794960022,0.9150000214576721,0.9269999861717224,0.9240000247955322,0.8009999990463257,0.7749999761581421,0.7409999966621399,0.2759999930858612,0.3580000102519989,0.31200000643730164,0.3580000102519989,0.44999998807907104,0.4339999854564667,0.42899999022483826,0.460999995470047,0.4580000042915344,0.38499999046325684,0.38999998569488525,0.5239999890327454,0.6209999918937683,0.4749999940395355,0.2800000011920929,0.3490000069141388,0.29600000381469727],[0.3889999985694885,0.37599998712539673,0.37700000405311584,0.37700000405311584,0.37700000405311584,0.37700000405311584,0.3959999978542328,0.3930000066757202,0.2240000069141388,0.6809999942779541,0.9739999771118164,0.9779999852180481,1.0,0.996999979019165,0.9950000047683716,0.9959999918937683,0.996999979019165,0.9919999837875366,0.9929999709129333,0.9879999756813049,0.9929999709129333,0.9909999966621399,0.9909999966621399,0.9909999966621399,0.9160000085830688,0.9309999942779541,0.9409999847412109,0.9380000233650208,0.8009999990463257,0.7749999761581421,0.7400000095367432,0.2759999930858612,0.35600000619888306,0.31200000643730164,0.3580000102519989,0.45100000500679016,0.43700000643730164,0.4309999942779541,0.4620000123977661,0.46000000834465027,0.38600000739097595,0.3930000066757202,0.5249999761581421,0.625,0.4790000021457672,0.2800000011920929,0.3479999899864197,0.29600000381469727],[0.3880000114440918,0.37599998712539673,0.37700000405311584,0.37700000405311584,0.37700000405311584,0.37599998712539673,0.39500001072883606,0.3930000066757202,0.2240000069141388,0.6800000071525574,0.9739999771118164,0.9800000190734863,0.996999979019165,1.0,0.996999979019165,0.9980000257492065,0.996999979019165,0.9929999709129333,0.9940000176429749,0.9869999885559082,0.9940000176429749,0.9909999966621399,0.9909999966621399,0.9909999966621399,0.9160000085830688,0.9309999942779541,0.9419999718666077,0.9390000104904175,0.8009999990463257,0.7749999761581421,0.7400000095367432,0.2759999930858612,0.35600000619888306,0.31200000643730164,0.3580000102519989,0.45100000500679016,0.43799999356269836,0.4320000112056732,0.46299999952316284,0.460999995470047,0.38600000739097595,0.3930000066757202,0.5249999761581421,0.6259999871253967,0.47999998927116394,0.2800000011920929,0.3479999899864197,0.29600000381469727],[0.3880000114440918,0.37599998712539673,0.37599998712539673,0.37599998712539673,0.37700000405311584,0.37599998712539673,0.39500001072883606,0.3930000066757202,0.22499999403953552,0.6800000071525574,0.972000002861023,0.9800000190734863,0.9950000047683716,0.996999979019165,1.0,0.9980000257492065,0.9980000257492065,0.9929999709129333,0.9950000047683716,0.9869999885559082,0.9929999709129333,0.9890000224113464,0.9890000224113464,0.9890000224113464,0.9160000085830688,0.9300000071525574,0.9419999718666077,0.9399999976158142,0.8019999861717224,0.7760000228881836,0.7409999966621399,0.2759999930858612,0.35600000619888306,0.31200000643730164,0.3580000102519989,0.45100000500679016,0.43799999356269836,0.4320000112056732,0.46399998664855957,0.460999995470047,0.38600000739097595,0.3930000066757202,0.5260000228881836,0.6269999742507935,0.48100000619888306,0.2800000011920929,0.3479999899864197,0.29499998688697815],[0.3880000114440918,0.37599998712539673,0.37599998712539673,0.37599998712539673,0.37700000405311584,0.37599998712539673,0.39500001072883606,0.3930000066757202,0.22599999606609344,0.6809999942779541,0.9729999899864197,0.9810000061988831,0.9959999918937683,0.9980000257492065,0.9980000257492065,1.0,0.9990000128746033,0.9929999709129333,0.9950000047683716,0.9869999885559082,0.9940000176429749,0.9900000095367432,0.9900000095367432,0.9900000095367432,0.9169999957084656,0.9300000071525574,0.9419999718666077,0.9399999976158142,0.8019999861717224,0.7770000100135803,0.7409999966621399,0.2770000100135803,0.3569999933242798,0.31299999356269836,0.3580000102519989,0.4519999921321869,0.43799999356269836,0.4320000112056732,0.46399998664855957,0.4620000123977661,0.38600000739097595,0.3930000066757202,0.5260000228881836,0.6259999871253967,0.48100000619888306,0.2800000011920929,0.3479999899864197,0.29600000381469727],[0.3880000114440918,0.37599998712539673,0.37700000405311584,0.37700000405311584,0.37700000405311584,0.37599998712539673,0.39500001072883606,0.3930000066757202,0.22499999403953552,0.6809999942779541,0.9729999899864197,0.9800000190734863,0.996999979019165,0.996999979019165,0.9980000257492065,0.9990000128746033,1.0,0.9929999709129333,0.9950000047683716,0.9869999885559082,0.9940000176429749,0.9900000095367432,0.9909999966621399,0.9900000095367432,0.9160000085830688,0.9300000071525574,0.9419999718666077,0.9399999976158142,0.8009999990463257,0.7760000228881836,0.7409999966621399,0.2770000100135803,0.3569999933242798,0.31299999356269836,0.3580000102519989,0.45100000500679016,0.43799999356269836,0.4320000112056732,0.46299999952316284,0.460999995470047,0.38600000739097595,0.3930000066757202,0.5260000228881836,0.6259999871253967,0.48100000619888306,0.2800000011920929,0.3479999899864197,0.29600000381469727],[0.3880000114440918,0.375,0.37599998712539673,0.37599998712539673,0.37599998712539673,0.37599998712539673,0.39399999380111694,0.3919999897480011,0.22599999606609344,0.6800000071525574,0.968999981880188,0.9819999933242798,0.9919999837875366,0.9929999709129333,0.9929999709129333,0.9929999709129333,0.9929999709129333,1.0,0.9950000047683716,0.9829999804496765,0.9900000095367432,0.9860000014305115,0.9869999885559082,0.9860000014305115,0.9150000214576721,0.9279999732971191,0.9380000233650208,0.9359999895095825,0.8019999861717224,0.7770000100135803,0.7419999837875366,0.2770000100135803,0.3569999933242798,0.31200000643730164,0.35899999737739563,0.45100000500679016,0.43799999356269836,0.43299999833106995,0.46399998664855957,0.4620000123977661,0.38600000739097595,0.3930000066757202,0.5270000100135803,0.6269999742507935,0.4819999933242798,0.27900001406669617,0.3479999899864197,0.29600000381469727],[0.38600000739097595,0.375,0.37599998712539673,0.37599998712539673,0.37599998712539673,0.375,0.39399999380111694,0.3919999897480011,0.22699999809265137,0.6790000200271606,0.9700000286102295,0.9819999933242798,0.9929999709129333,0.9940000176429749,0.9950000047683716,0.9950000047683716,0.9950000047683716,0.9950000047683716,1.0,0.9850000143051147,0.9909999966621399,0.9860000014305115,0.9869999885559082,0.9869999885559082,0.9150000214576721,0.9279999732971191,0.9409999847412109,0.9369999766349792,0.8040000200271606,0.777999997138977,0.7429999709129333,0.2770000100135803,0.3569999933242798,0.31299999356269836,0.35899999737739563,0.4519999921321869,0.4390000104904175,0.43299999833106995,0.4650000035762787,0.4620000123977661,0.38600000739097595,0.3930000066757202,0.5270000100135803,0.6269999742507935,0.4819999933242798,0.27900001406669617,0.34700000286102295,0.29499998688697815],[0.39100000262260437,0.3779999911785126,0.3790000081062317,0.3790000081062317,0.3790000081062317,0.3779999911785126,0.3959999978542328,0.3930000066757202,0.2199999988079071,0.6840000152587891,0.9760000109672546,0.9700000286102295,0.9879999756813049,0.9869999885559082,0.9869999885559082,0.9869999885559082,0.9869999885559082,0.9829999804496765,0.9850000143051147,1.0,0.9900000095367432,0.9919999837875366,0.9929999709129333,0.9929999709129333,0.9110000133514404,0.9369999766349792,0.9340000152587891,0.9309999942779541,0.7979999780654907,0.7730000019073486,0.7350000143051147,0.2750000059604645,0.35499998927116394,0.3109999895095825,0.35499998927116394,0.4480000138282776,0.4350000023841858,0.4300000071525574,0.46000000834465027,0.4580000042915344,0.38600000739097595,0.3919999897480011,0.5210000276565552,0.6200000047683716,0.4749999940395355,0.2809999883174896,0.3499999940395355,0.296999990940094],[0.3889999985694885,0.3779999911785126,0.3779999911785126,0.3779999911785126,0.3790000081062317,0.3779999911785126,0.3970000147819519,0.39500001072883606,0.22200000286102295,0.6830000281333923,0.9760000109672546,0.9769999980926514,0.9929999709129333,0.9940000176429749,0.9929999709129333,0.9940000176429749,0.9940000176429749,0.9900000095367432,0.9909999966621399,0.9900000095367432,1.0,0.9929999709129333,0.9929999709129333,0.9940000176429749,0.9169999957084656,0.9330000281333923,0.9399999976158142,0.9359999895095825,0.7990000247955322,0.7730000019073486,0.7379999756813049,0.2750000059604645,0.35600000619888306,0.3109999895095825,0.35600000619888306,0.4490000009536743,0.4359999895095825,0.4309999942779541,0.460999995470047,0.45899999141693115,0.38600000739097595,0.39399999380111694,0.5220000147819519,0.6230000257492065,0.47699999809265137,0.2800000011920929,0.3499999940395355,0.296999990940094],[0.39100000262260437,0.3790000081062317,0.3790000081062317,0.3799999952316284,0.3799999952316284,0.3790000081062317,0.39899998903274536,0.3959999978542328,0.21899999678134918,0.6840000152587891,0.9789999723434448,0.9729999899864197,0.9909999966621399,0.9909999966621399,0.9890000224113464,0.9900000095367432,0.9900000095367432,0.9860000014305115,0.9860000014305115,0.9919999837875366,0.9929999709129333,1.0,0.9959999918937683,0.9959999918937683,0.9129999876022339,0.9350000023841858,0.9359999895095825,0.9330000281333923,0.7979999780654907,0.7710000276565552,0.7350000143051147,0.27399998903274536,0.3540000021457672,0.3100000023841858,0.3540000021457672,0.44699999690055847,0.43299999833106995,0.42800000309944153,0.4580000042915344,0.4560000002384186,0.38499999046325684,0.3919999897480011,0.5199999809265137,0.6200000047683716,0.4749999940395355,0.2800000011920929,0.3499999940395355,0.296999990940094],[0.39100000262260437,0.3779999911785126,0.3790000081062317,0.3790000081062317,0.3799999952316284,0.3790000081062317,0.39800000190734863,0.39500001072883606,0.2199999988079071,0.6840000152587891,0.9779999852180481,0.9729999899864197,0.9909999966621399,0.9909999966621399,0.9890000224113464,0.9900000095367432,0.9909999966621399,0.9869999885559082,0.9869999885559082,0.9929999709129333,0.9929999709129333,0.9959999918937683,1.0,0.9959999918937683,0.9129999876022339,0.9359999895095825,0.9359999895095825,0.9330000281333923,0.7979999780654907,0.7720000147819519,0.7360000014305115,0.27399998903274536,0.35499998927116394,0.3100000023841858,0.3540000021457672,0.44699999690055847,0.4339999854564667,0.42899999022483826,0.45899999141693115,0.4569999873638153,0.38499999046325684,0.3919999897480011,0.5199999809265137,0.6209999918937683,0.47600001096725464,0.2809999883174896,0.3490000069141388,0.296999990940094],[0.38999998569488525,0.3790000081062317,0.3790000081062317,0.3790000081062317,0.3790000081062317,0.3790000081062317,0.39800000190734863,0.39500001072883606,0.2199999988079071,0.6840000152587891,0.9789999723434448,0.972000002861023,0.9909999966621399,0.9909999966621399,0.9890000224113464,0.9900000095367432,0.9900000095367432,0.9860000014305115,0.9869999885559082,0.9929999709129333,0.9940000176429749,0.9959999918937683,0.9959999918937683,1.0,0.9139999747276306,0.9359999895095825,0.9359999895095825,0.9330000281333923,0.7979999780654907,0.7710000276565552,0.7360000014305115,0.27399998903274536,0.35499998927116394,0.3109999895095825,0.3540000021457672,0.44699999690055847,0.4339999854564667,0.42899999022483826,0.45899999141693115,0.4569999873638153,0.38499999046325684,0.3919999897480011,0.5210000276565552,0.6209999918937683,0.4749999940395355,0.2809999883174896,0.3490000069141388,0.296999990940094],[0.39800000190734863,0.40700000524520874,0.4059999883174896,0.40700000524520874,0.40700000524520874,0.40700000524520874,0.421999990940094,0.4230000078678131,0.18400000035762787,0.6660000085830688,0.9110000133514404,0.9089999794960022,0.9160000085830688,0.9160000085830688,0.9160000085830688,0.9169999957084656,0.9160000085830688,0.9150000214576721,0.9150000214576721,0.9110000133514404,0.9169999957084656,0.9129999876022339,0.9129999876022339,0.9139999747276306,1.0,0.968999981880188,0.968999981880188,0.9729999899864197,0.7450000047683716,0.7170000076293945,0.6940000057220459,0.24400000274181366,0.30799999833106995,0.2759999930858612,0.3050000071525574,0.4189999997615814,0.4449999928474426,0.4399999976158142,0.43299999833106995,0.43799999356269836,0.39399999380111694,0.40299999713897705,0.4699999988079071,0.5709999799728394,0.42399999499320984,0.28700000047683716,0.32100000977516174,0.2980000078678131],[0.3919999897480011,0.4020000100135803,0.40400001406669617,0.40400001406669617,0.40400001406669617,0.40299999713897705,0.41600000858306885,0.4180000126361847,0.18299999833106995,0.6790000200271606,0.9190000295639038,0.9150000214576721,0.9309999942779541,0.9309999942779541,0.9300000071525574,0.9300000071525574,0.9300000071525574,0.9279999732971191,0.9279999732971191,0.9369999766349792,0.9330000281333923,0.9350000023841858,0.9359999895095825,0.9359999895095825,0.968999981880188,1.0,0.9850000143051147,0.9879999756813049,0.7540000081062317,0.7279999852180481,0.6919999718666077,0.24500000476837158,0.3190000057220459,0.27799999713897705,0.3140000104904175,0.4300000071525574,0.4580000042915344,0.4519999921321869,0.4440000057220459,0.44999998807907104,0.40700000524520874,0.414000004529953,0.47999998927116394,0.574999988079071,0.42899999022483826,0.296999990940094,0.33399999141693115,0.3089999854564667],[0.39100000262260437,0.39800000190734863,0.39899998903274536,0.39899998903274536,0.39899998903274536,0.39899998903274536,0.41600000858306885,0.41600000858306885,0.1899999976158142,0.6729999780654907,0.9190000295639038,0.9269999861717224,0.9409999847412109,0.9419999718666077,0.9419999718666077,0.9419999718666077,0.9419999718666077,0.9380000233650208,0.9409999847412109,0.9340000152587891,0.9399999976158142,0.9359999895095825,0.9359999895095825,0.9359999895095825,0.968999981880188,0.9850000143051147,1.0,0.9950000047683716,0.7590000033378601,0.7329999804496765,0.6990000009536743,0.24799999594688416,0.32199999690055847,0.2809999883174896,0.3179999887943268,0.4339999854564667,0.45899999141693115,0.453000009059906,0.4480000138282776,0.45399999618530273,0.4050000011920929,0.4129999876022339,0.48500001430511475,0.5849999785423279,0.4390000104904175,0.2939999997615814,0.3310000002384186,0.3070000112056732],[0.38999998569488525,0.39899998903274536,0.4000000059604645,0.4000000059604645,0.4000000059604645,0.4000000059604645,0.41499999165534973,0.4169999957084656,0.18799999356269836,0.6740000247955322,0.9160000085830688,0.9240000247955322,0.9380000233650208,0.9390000104904175,0.9399999976158142,0.9399999976158142,0.9399999976158142,0.9359999895095825,0.9369999766349792,0.9309999942779541,0.9359999895095825,0.9330000281333923,0.9330000281333923,0.9330000281333923,0.9729999899864197,0.9879999756813049,0.9950000047683716,1.0,0.7570000290870667,0.7310000061988831,0.6970000267028809,0.2460000067949295,0.3199999928474426,0.27900001406669617,0.3160000145435333,0.43299999833106995,0.46000000834465027,0.45399999618530273,0.44699999690055847,0.453000009059906,0.40700000524520874,0.414000004529953,0.48399999737739563,0.5830000042915344,0.43700000643730164,0.29499998688697815,0.3319999873638153,0.3070000112056732],[0.34700000286102295,0.3370000123977661,0.3370000123977661,0.3370000123977661,0.3370000123977661,0.3370000123977661,0.33500000834465027,0.3330000042915344,0.3109999895095825,0.6880000233650208,0.7850000262260437,0.8009999990463257,0.8009999990463257,0.8009999990463257,0.8019999861717224,0.8019999861717224,0.8009999990463257,0.8019999861717224,0.8040000200271606,0.7979999780654907,0.7990000247955322,0.7979999780654907,0.7979999780654907,0.7979999780654907,0.7450000047683716,0.7540000081062317,0.7590000033378601,0.7570000290870667,1.0,0.8989999890327454,0.847000002861023,0.34299999475479126,0.4440000057220459,0.3869999945163727,0.4390000104904175,0.5199999809265137,0.5149999856948853,0.5049999952316284,0.5429999828338623,0.5379999876022339,0.4390000104904175,0.4399999976158142,0.6150000095367432,0.7120000123977661,0.5730000138282776,0.3109999895095825,0.3540000021457672,0.2939999997615814],[0.32600000500679016,0.3100000023841858,0.3100000023841858,0.3100000023841858,0.3100000023841858,0.3100000023841858,0.3089999854564667,0.3070000112056732,0.3409999907016754,0.7120000123977661,0.7580000162124634,0.7749999761581421,0.7749999761581421,0.7749999761581421,0.7760000228881836,0.7770000100135803,0.7760000228881836,0.7770000100135803,0.777999997138977,0.7730000019073486,0.7730000019073486,0.7710000276565552,0.7720000147819519,0.7710000276565552,0.7170000076293945,0.7279999852180481,0.7329999804496765,0.7310000061988831,0.8989999890327454,1.0,0.9100000262260437,0.3840000033378601,0.49000000953674316,0.42500001192092896,0.4880000054836273,0.5619999766349792,0.5559999942779541,0.5460000038146973,0.5870000123977661,0.5820000171661377,0.47600001096725464,0.47600001096725464,0.671999990940094,0.7839999794960022,0.6449999809265137,0.33799999952316284,0.37700000405311584,0.3050000071525574],[0.34599998593330383,0.3330000042915344,0.3310000002384186,0.3319999873638153,0.3319999873638153,0.3319999873638153,0.3310000002384186,0.328000009059906,0.3479999899864197,0.6759999990463257,0.7459999918937683,0.7409999966621399,0.7400000095367432,0.7400000095367432,0.7409999966621399,0.7409999966621399,0.7409999966621399,0.7419999837875366,0.7429999709129333,0.7350000143051147,0.7379999756813049,0.7350000143051147,0.7360000014305115,0.7360000014305115,0.6940000057220459,0.6919999718666077,0.6990000009536743,0.6970000267028809,0.847000002861023,0.9100000262260437,1.0,0.39100000262260437,0.4519999921321869,0.41999998688697815,0.45899999141693115,0.5139999985694885,0.5049999952316284,0.4950000047683716,0.5350000262260437,0.5299999713897705,0.42899999022483826,0.4309999942779541,0.6209999918937683,0.7239999771118164,0.5849999785423279,0.2980000078678131,0.33500000834465027,0.26100000739097595],[0.017999999225139618,0.004000000189989805,0.004000000189989805,0.004000000189989805,0.004000000189989805,0.004000000189989805,0.007000000216066837,0.004000000189989805,0.39500001072883606,0.2529999911785126,0.27799999713897705,0.2759999930858612,0.2759999930858612,0.2759999930858612,0.2759999930858612,0.2770000100135803,0.2770000100135803,0.2770000100135803,0.2770000100135803,0.2750000059604645,0.2750000059604645,0.27399998903274536,0.27399998903274536,0.27399998903274536,0.24400000274181366,0.24500000476837158,0.24799999594688416,0.2460000067949295,0.34299999475479126,0.3840000033378601,0.39100000262260437,1.0,0.7070000171661377,0.7080000042915344,0.5149999856948853,0.5419999957084656,0.5220000147819519,0.5149999856948853,0.5479999780654907,0.5360000133514404,0.4620000123977661,0.4560000002384186,0.5130000114440918,0.40400001406669617,0.48500001430511475,0.3709999918937683,0.3540000021457672,0.3050000071525574],[0.01600000075995922,0.0010000000474974513,0.0010000000474974513,0.0010000000474974513,0.0010000000474974513,0.0010000000474974513,0.003000000026077032,0.0010000000474974513,0.38499999046325684,0.3400000035762787,0.3409999907016754,0.3580000102519989,0.35600000619888306,0.35600000619888306,0.35600000619888306,0.3569999933242798,0.3569999933242798,0.3569999933242798,0.3569999933242798,0.35499998927116394,0.35600000619888306,0.3540000021457672,0.35499998927116394,0.35499998927116394,0.30799999833106995,0.3190000057220459,0.32199999690055847,0.3199999928474426,0.4440000057220459,0.49000000953674316,0.4519999921321869,0.7070000171661377,1.0,0.7680000066757202,0.609000027179718,0.6949999928474426,0.6629999876022339,0.652999997138977,0.7020000219345093,0.6890000104904175,0.5950000286102295,0.5929999947547913,0.6460000276565552,0.5180000066757202,0.625,0.45399999618530273,0.4779999852180481,0.42500001192092896],[0.014999999664723873,0.0020000000949949026,0.0020000000949949026,0.0020000000949949026,0.003000000026077032,0.0020000000949949026,0.004999999888241291,0.003000000026077032,0.37599998712539673,0.2930000126361847,0.3149999976158142,0.31200000643730164,0.31200000643730164,0.31200000643730164,0.31200000643730164,0.31299999356269836,0.31299999356269836,0.31200000643730164,0.31299999356269836,0.3109999895095825,0.3109999895095825,0.3100000023841858,0.3100000023841858,0.3109999895095825,0.2759999930858612,0.27799999713897705,0.2809999883174896,0.27900001406669617,0.3869999945163727,0.42500001192092896,0.41999998688697815,0.7080000042915344,0.7680000066757202,1.0,0.5329999923706055,0.5899999737739563,0.5720000267028809,0.5619999766349792,0.6010000109672546,0.5899999737739563,0.5099999904632568,0.5080000162124634,0.5809999704360962,0.4449999928474426,0.5360000133514404,0.39399999380111694,0.4050000011920929,0.35100001096725464],[0.01600000075995922,0.0,0.0,0.0,0.0,0.0,0.003000000026077032,0.0,0.5289999842643738,0.328000009059906,0.3409999907016754,0.3580000102519989,0.3580000102519989,0.3580000102519989,0.3580000102519989,0.3580000102519989,0.3580000102519989,0.35899999737739563,0.35899999737739563,0.35499998927116394,0.35600000619888306,0.3540000021457672,0.3540000021457672,0.3540000021457672,0.3050000071525574,0.3140000104904175,0.3179999887943268,0.3160000145435333,0.4390000104904175,0.4880000054836273,0.45899999141693115,0.5149999856948853,0.609000027179718,0.5329999923706055,1.0,0.6299999952316284,0.6069999933242798,0.5989999771118164,0.6439999938011169,0.628000020980835,0.5289999842643738,0.5320000052452087,0.6029999852180481,0.5149999856948853,0.6209999918937683,0.4129999876022339,0.4729999899864197,0.3580000102519989],[0.014000000432133675,0.0,0.0,0.0,0.0,0.0,0.003000000026077032,0.0010000000474974513,0.4020000100135803,0.39100000262260437,0.4339999854564667,0.44999998807907104,0.45100000500679016,0.45100000500679016,0.45100000500679016,0.4519999921321869,0.45100000500679016,0.45100000500679016,0.4519999921321869,0.4480000138282776,0.4490000009536743,0.44699999690055847,0.44699999690055847,0.44699999690055847,0.4189999997615814,0.4300000071525574,0.4339999854564667,0.43299999833106995,0.5199999809265137,0.5619999766349792,0.5139999985694885,0.5419999957084656,0.6949999928474426,0.5899999737739563,0.6299999952316284,1.0,0.8930000066757202,0.8859999775886536,0.9380000233650208,0.9200000166893005,0.7889999747276306,0.796999990940094,0.7289999723434448,0.6060000061988831,0.7310000061988831,0.5720000267028809,0.5720000267028809,0.5149999856948853],[0.0020000000949949026,0.0,0.0010000000474974513,0.0010000000474974513,0.0010000000474974513,0.0010000000474974513,0.0010000000474974513,0.0010000000474974513,0.38499999046325684,0.3880000114440918,0.41999998688697815,0.4339999854564667,0.43700000643730164,0.43799999356269836,0.43799999356269836,0.43799999356269836,0.43799999356269836,0.43799999356269836,0.4390000104904175,0.4350000023841858,0.4359999895095825,0.43299999833106995,0.4339999854564667,0.4339999854564667,0.4449999928474426,0.4580000042915344,0.45899999141693115,0.46000000834465027,0.5149999856948853,0.5559999942779541,0.5049999952316284,0.5220000147819519,0.6629999876022339,0.5720000267028809,0.6069999933242798,0.8930000066757202,1.0,0.9789999723434448,0.9390000104904175,0.9419999718666077,0.8489999771118164,0.8379999995231628,0.7149999737739563,0.6050000190734863,0.7289999723434448,0.5960000157356262,0.5619999766349792,0.5189999938011169],[0.0020000000949949026,0.0,0.0010000000474974513,0.0010000000474974513,0.0010000000474974513,0.0010000000474974513,0.0010000000474974513,0.0010000000474974513,0.37400001287460327,0.3919999897480011,0.41499999165534973,0.42899999022483826,0.4309999942779541,0.4320000112056732,0.4320000112056732,0.4320000112056732,0.4320000112056732,0.43299999833106995,0.43299999833106995,0.4300000071525574,0.4309999942779541,0.42800000309944153,0.42899999022483826,0.42899999022483826,0.4399999976158142,0.4519999921321869,0.453000009059906,0.45399999618530273,0.5049999952316284,0.5460000038146973,0.4950000047683716,0.5149999856948853,0.652999997138977,0.5619999766349792,0.5989999771118164,0.8859999775886536,0.9789999723434448,1.0,0.921999990940094,0.9269999861717224,0.8640000224113464,0.8489999771118164,0.7049999833106995,0.5929999947547913,0.7149999737739563,0.6060000061988831,0.5709999799728394,0.5289999842643738],[0.014000000432133675,0.0,0.0,0.0010000000474974513,0.0010000000474974513,0.0010000000474974513,0.003000000026077032,0.0010000000474974513,0.4189999997615814,0.39399999380111694,0.4449999928474426,0.460999995470047,0.4620000123977661,0.46299999952316284,0.46399998664855957,0.46399998664855957,0.46299999952316284,0.46399998664855957,0.4650000035762787,0.46000000834465027,0.460999995470047,0.4580000042915344,0.45899999141693115,0.45899999141693115,0.43299999833106995,0.4440000057220459,0.4480000138282776,0.44699999690055847,0.5429999828338623,0.5870000123977661,0.5350000262260437,0.5479999780654907,0.7020000219345093,0.6010000109672546,0.6439999938011169,0.9380000233650208,0.9390000104904175,0.921999990940094,1.0,0.9729999899864197,0.800000011920929,0.800000011920929,0.7519999742507935,0.6380000114440918,0.7699999809265137,0.5619999766349792,0.5659999847412109,0.5009999871253967],[0.017000000923871994,0.003000000026077032,0.004000000189989805,0.004000000189989805,0.004000000189989805,0.003000000026077032,0.006000000052154064,0.004000000189989805,0.41100001335144043,0.3919999897480011,0.4429999887943268,0.4580000042915344,0.46000000834465027,0.460999995470047,0.460999995470047,0.4620000123977661,0.460999995470047,0.4620000123977661,0.4620000123977661,0.4580000042915344,0.45899999141693115,0.4560000002384186,0.4569999873638153,0.4569999873638153,0.43799999356269836,0.44999998807907104,0.45399999618530273,0.453000009059906,0.5379999876022339,0.5820000171661377,0.5299999713897705,0.5360000133514404,0.6890000104904175,0.5899999737739563,0.628000020980835,0.9200000166893005,0.9419999718666077,0.9269999861717224,0.9729999899864197,1.0,0.8050000071525574,0.8080000281333923,0.7409999966621399,0.6330000162124634,0.7570000290870667,0.5640000104904175,0.5559999942779541,0.5049999952316284],[0.0010000000474974513,0.0,0.0,0.0,0.0,0.0,0.0,0.0,0.2980000078678131,0.4189999997615814,0.3700000047683716,0.38499999046325684,0.38600000739097595,0.38600000739097595,0.38600000739097595,0.38600000739097595,0.38600000739097595,0.38600000739097595,0.38600000739097595,0.38600000739097595,0.38600000739097595,0.38499999046325684,0.38499999046325684,0.38499999046325684,0.39399999380111694,0.40700000524520874,0.4050000011920929,0.40700000524520874,0.4390000104904175,0.47600001096725464,0.42899999022483826,0.4620000123977661,0.5950000286102295,0.5099999904632568,0.5289999842643738,0.7889999747276306,0.8489999771118164,0.8640000224113464,0.800000011920929,0.8050000071525574,1.0,0.8709999918937683,0.6240000128746033,0.5139999985694885,0.6200000047683716,0.6930000185966492,0.6439999938011169,0.6029999852180481],[0.0010000000474974513,0.0,0.0,0.0010000000474974513,0.0010000000474974513,0.0,0.0010000000474974513,0.0010000000474974513,0.30000001192092896,0.41200000047683716,0.37700000405311584,0.38999998569488525,0.3930000066757202,0.3930000066757202,0.3930000066757202,0.3930000066757202,0.3930000066757202,0.3930000066757202,0.3930000066757202,0.3919999897480011,0.39399999380111694,0.3919999897480011,0.3919999897480011,0.3919999897480011,0.40299999713897705,0.414000004529953,0.4129999876022339,0.414000004529953,0.4399999976158142,0.47600001096725464,0.4309999942779541,0.4560000002384186,0.5929999947547913,0.5080000162124634,0.5320000052452087,0.796999990940094,0.8379999995231628,0.8489999771118164,0.800000011920929,0.8080000281333923,0.8709999918937683,1.0,0.6240000128746033,0.5120000243186951,0.6169999837875366,0.6439999938011169,0.6359999775886536,0.6010000109672546],[0.08299999684095383,0.06599999964237213,0.06499999761581421,0.06599999964237213,0.06599999964237213,0.06599999964237213,0.06700000166893005,0.0649999976