{"labels":[{"exchange":"EX_btn_e","name":"Biotin"},{"exchange":"EX_4abz_e","name":"4-Aminobenzoate"},{"exchange":"EX_asn__L_e","name":"L-Asparagine"},{"exchange":"EX_gln__L_e","name":"L-Glutamine"},{"exchange":"EX_ascb__L_e","name":"L-Ascorbate"},{"exchange":"EX_cbl1_e","name":"Cob(I)alamin"},{"exchange":"EX_asp__L_e","name":"L-Aspartate"},{"exchange":"EX_trp__L_e","name":"L-Tryptophan"},{"exchange":"EX_glu__L_e","name":"L-Glutamate"},{"exchange":"EX_pro__L_e","name":"L-Proline"},{"exchange":"EX_gly_e","name":"Glycine"},{"exchange":"EX_ala__L_e","name":"L-Alanine"},{"exchange":"EX_met__L_e","name":"L-Methionine"},{"exchange":"EX_his__L_e","name":"L-Histidine"},{"exchange":"EX_tyr__L_e","name":"L-Tyrosine"},{"exchange":"EX_lys__L_e","name":"L-Lysine"},{"exchange":"EX_arg__L_e","name":"L-Arginine"},{"exchange":"EX_thr__L_e","name":"L-Threonine"},{"exchange":"EX_leu__L_e","name":"L-Leucine"},{"exchange":"EX_ile__L_e","name":"L-Isoleucine"},{"exchange":"EX_cys__L_e","name":"L-Cysteine"},{"exchange":"EX_ser__L_e","name":"L-Serine"},{"exchange":"EX_phe__L_e","name":"L-Phenylalanine"},{"exchange":"EX_val__L_e","name":"L-Valine"},{"exchange":"EX_pnto__R_e","name":"(R)-Pantothenate"},{"exchange":"EX_fol_e","name":"Folate"},{"exchange":"EX_co2_e","name":"CO2 CO2"},{"exchange":"EX_thm_e","name":"Thiamin"},{"exchange":"EX_pydxn_e","name":"Pyridoxine"},{"exchange":"EX_nac_e","name":"Nicotinate"},{"exchange":"EX_ribflv_e","name":"Riboflavin C17H20N4O6"},{"exchange":"EX_phllqne_e","name":"Vitamin K (phylloquinone)"},{"exchange":"EX_avite1_e","name":"Alpha-Tocopherol"},{"exchange":"EX_chol_e","name":"Choline C5H14NO"},{"exchange":"EX_retinol_e","name":"All-trans-Retinol"},{"exchange":"EX_lnlnca_e","name":"PUFA 18:3"},{"exchange":"EX_hdca_e","name":"Hexadecanoate (n-C16:0)"},{"exchange":"EX_ocdca_e","name":"Octadecanoate (n-C18:0)"},{"exchange":"EX_lnlc_e","name":"PUFA 18:2"},{"exchange":"EX_ocdcea_e","name":"Octadecenoate (n-C18:1)"},{"exchange":"EX_ttdca_e","name":"Tetradecanoate (n-C14:0)"},{"exchange":"EX_hdcea_e","name":"MUFA 16:1"},{"exchange":"EX_slnt_e","name":"Selenite"},{"exchange":"EX_nh4_e","name":"Ammonium"},{"exchange":"EX_fe3_e","name":"Iron (Fe3+)"},{"exchange":"EX_ddca_e","name":"Dodecanoate (n-C12:0)"},{"exchange":"EX_choles_e","name":"Cholesterol"},{"exchange":"EX_M01235_e","name":"MUFA 20:1"}],"matrix":[[1.0,0.8980000019073486,0.8330000042915344,0.8370000123977661,0.02500000037252903,0.4180000126361847,0.38999998569488525,0.3889999985694885,0.3880000114440918,0.3880000114440918,0.3889999985694885,0.3880000114440918,0.38600000739097595,0.382999986410141,0.3869999945163727,0.3840000033378601,0.3869999945163727,0.38600000739097595,0.38600000739097595,0.3869999945163727,0.39500001072883606,0.38499999046325684,0.3880000114440918,0.3880000114440918,0.35899999737739563,0.35100001096725464,0.2759999930858612,0.3370000123977661,0.335999995470047,0.33000001311302185,0.32899999618530273,0.017999999225139618,0.01600000075995922,0.014999999664723873,0.014999999664723873,0.013000000268220901,0.0020000000949949026,0.0020000000949949026,0.014000000432133675,0.017000000923871994,0.0010000000474974513,0.0010000000474974513,0.0820000022649765,0.20399999618530273,0.0560000017285347,0.0010000000474974513,0.008999999612569809,0.008999999612569809],[0.8980000019073486,1.0,0.8989999890327454,0.9089999794960022,0.007000000216066837,0.4230000078678131,0.38100001215934753,0.37400001287460327,0.3720000088214874,0.37400001287460327,0.37400001287460327,0.37400001287460327,0.3700000047683716,0.37299999594688416,0.37299999594688416,0.3709999918937683,0.3720000088214874,0.3709999918937683,0.3709999918937683,0.3709999918937683,0.4009999930858612,0.39800000190734863,0.3930000066757202,0.3930000066757202,0.34599998593330383,0.34200000762939453,0.2630000114440918,0.3109999895095825,0.3179999887943268,0.31200000643730164,0.31299999356269836,0.004000000189989805,0.0010000000474974513,0.0020000000949949026,0.0010000000474974513,0.0,0.0,0.0,0.0,0.003000000026077032,0.0,0.0,0.06599999964237213,0.1770000010728836,0.032999999821186066,0.0,0.0,0.0],[0.8330000042915344,0.8989999890327454,1.0,0.984000027179718,0.008999999612569809,0.4169999957084656,0.40799999237060547,0.39800000190734863,0.3970000147819519,0.4009999930858612,0.4000000059604645,0.4009999930858612,0.3970000147819519,0.4000000059604645,0.4000000059604645,0.3970000147819519,0.39899998903274536,0.39800000190734863,0.39800000190734863,0.39899998903274536,0.421999990940094,0.4189999997615814,0.4189999997615814,0.4189999997615814,0.3330000042915344,0.32899999618530273,0.2639999985694885,0.3059999942779541,0.3070000112056732,0.3140000104904175,0.3160000145435333,0.007000000216066837,0.003000000026077032,0.006000000052154064,0.003000000026077032,0.0020000000949949026,0.0010000000474974513,0.0010000000474974513,0.003000000026077032,0.006000000052154064,0.0,0.0010000000474974513,0.06700000166893005,0.18299999833106995,0.035999998450279236,0.0,0.0010000000474974513,0.0010000000474974513],[0.8370000123977661,0.9089999794960022,0.984000027179718,1.0,0.006000000052154064,0.4189999997615814,0.4059999883174896,0.3959999978542328,0.39500001072883606,0.39899998903274536,0.39800000190734863,0.39899998903274536,0.39500001072883606,0.39800000190734863,0.39800000190734863,0.39500001072883606,0.3970000147819519,0.3970000147819519,0.3959999978542328,0.3970000147819519,0.42399999499320984,0.42100000381469727,0.4189999997615814,0.42100000381469727,0.3319999873638153,0.328000009059906,0.2630000114440918,0.3050000071525574,0.3050000071525574,0.31200000643730164,0.3149999976158142,0.004000000189989805,0.0010000000474974513,0.004000000189989805,0.0010000000474974513,0.0010000000474974513,0.0010000000474974513,0.0010000000474974513,0.0010000000474974513,0.004000000189989805,0.0,0.0010000000474974513,0.06499999761581421,0.1809999942779541,0.03400000184774399,0.0,0.0,0.0],[0.02500000037252903,0.007000000216066837,0.008999999612569809,0.006000000052154064,1.0,0.16500000655651093,0.22200000286102295,0.22100000083446503,0.21699999272823334,0.21699999272823334,0.21699999272823334,0.21799999475479126,0.22300000488758087,0.22200000286102295,0.2199999988079071,0.22499999403953552,0.22100000083446503,0.22200000286102295,0.22300000488758087,0.22300000488758087,0.1809999942779541,0.18199999630451202,0.18799999356269836,0.1860000044107437,0.3050000071525574,0.3440000116825104,0.35100001096725464,0.328000009059906,0.33500000834465027,0.3370000123977661,0.33399999141693115,0.39399999380111694,0.3840000033378601,0.375,0.527999997138977,0.4009999930858612,0.3840000033378601,0.37299999594688416,0.4180000126361847,0.4099999964237213,0.296999990940094,0.29899999499320984,0.4009999930858612,0.34599998593330383,0.4259999990463257,0.23600000143051147,0.2240000069141388,0.1979999989271164],[0.4180000126361847,0.4230000078678131,0.4169999957084656,0.4189999997615814,0.16500000655651093,1.0,0.6650000214576721,0.6779999732971191,0.6769999861717224,0.6790000200271606,0.6790000200271606,0.6790000200271606,0.6729999780654907,0.6769999861717224,0.6790000200271606,0.6740000247955322,0.675000011920929,0.6759999990463257,0.675000011920929,0.675000011920929,0.6579999923706055,0.6759999990463257,0.6669999957084656,0.6679999828338623,0.6790000200271606,0.671999990940094,0.6610000133514404,0.6880000233650208,0.7049999833106995,0.6959999799728394,0.6990000009536743,0.25099998712539673,0.33799999952316284,0.2919999957084656,0.3269999921321869,0.3889999985694885,0.38499999046325684,0.3889999985694885,0.39100000262260437,0.38999998569488525,0.41600000858306885,0.40799999237060547,0.4650000035762787,0.5239999890327454,0.3959999978542328,0.3449999988079071,0.49399998784065247,0.34299999475479126],[0.38999998569488525,0.38100001215934753,0.40799999237060547,0.4059999883174896,0.22200000286102295,0.6650000214576721,1.0,0.9490000009536743,0.9679999947547913,0.972000002861023,0.972000002861023,0.9729999899864197,0.9620000123977661,0.9700000286102295,0.9700000286102295,0.9639999866485596,0.9679999947547913,0.9670000076293945,0.9660000205039978,0.9649999737739563,0.902999997138977,0.9160000085830688,0.9139999747276306,0.9100000262260437,0.7699999809265137,0.7379999756813049,0.7110000252723694,0.7390000224113464,0.746999979019165,0.7540000081062317,0.7570000290870667,0.2759999930858612,0.33799999952316284,0.31200000643730164,0.33799999952316284,0.4300000071525574,0.41600000858306885,0.41100001335144043,0.4410000145435333,0.4390000104904175,0.367000013589859,0.37400001287460327,0.5009999871253967,0.5920000076293945,0.4580000042915344,0.2630000114440918,0.3310000002384186,0.2750000059604645],[0.3889999985694885,0.37400001287460327,0.39800000190734863,0.3959999978542328,0.22100000083446503,0.6779999732971191,0.9490000009536743,1.0,0.9649999737739563,0.9700000286102295,0.968999981880188,0.9700000286102295,0.9769999980926514,0.9729999899864197,0.9739999771118164,0.9800000190734863,0.9750000238418579,0.9779999852180481,0.9769999980926514,0.9769999980926514,0.902999997138977,0.9089999794960022,0.9259999990463257,0.921999990940094,0.7900000214576721,0.7300000190734863,0.7239999771118164,0.7559999823570251,0.7609999775886536,0.7680000066757202,0.7710000276565552,0.27300000190734863,0.3540000021457672,0.30799999833106995,0.3529999852180481,0.4440000057220459,0.42800000309944153,0.42399999499320984,0.45500001311302185,0.453000009059906,0.3799999952316284,0.38499999046325684,0.515999972820282,0.6079999804496765,0.4699999988079071,0.2759999930858612,0.3440000116825104,0.2840000092983246],[0.3880000114440918,0.3720000088214874,0.3970000147819519,0.39500001072883606,0.21699999272823334,0.6769999861717224,0.9679999947547913,0.9649999737739563,1.0,0.9850000143051147,0.9869999885559082,0.9869999885559082,0.9769999980926514,0.9789999723434448,0.9850000143051147,0.9800000190734863,0.9829999804496765,0.9819999933242798,0.9819999933242798,0.9819999933242798,0.902999997138977,0.9290000200271606,0.9309999942779541,0.9269999861717224,0.7850000262260437,0.7239999771118164,0.7210000157356262,0.753000020980835,0.7580000162124634,0.7639999985694885,0.7680000066757202,0.2709999978542328,0.3499999940395355,0.3070000112056732,0.3499999940395355,0.44200000166893005,0.42899999022483826,0.42399999499320984,0.453000009059906,0.4519999921321869,0.3799999952316284,0.3869999945163727,0.5120000243186951,0.6069999933242798,0.4690000116825104,0.2770000100135803,0.3449999988079071,0.2849999964237213],[0.3880000114440918,0.37400001287460327,0.4009999930858612,0.39899998903274536,0.21699999272823334,0.6790000200271606,0.972000002861023,0.9700000286102295,0.9850000143051147,1.0,0.9919999837875366,0.9940000176429749,0.9810000061988831,0.984000027179718,0.9900000095367432,0.984000027179718,0.9879999756813049,0.9890000224113464,0.9869999885559082,0.9860000014305115,0.9079999923706055,0.9290000200271606,0.9340000152587891,0.9309999942779541,0.7860000133514404,0.7239999771118164,0.7210000157356262,0.7540000081062317,0.7570000290870667,0.7649999856948853,0.7670000195503235,0.27000001072883606,0.3499999940395355,0.3070000112056732,0.3490000069141388,0.4410000145435333,0.42800000309944153,0.4230000078678131,0.4519999921321869,0.44999998807907104,0.3799999952316284,0.3869999945163727,0.5120000243186951,0.6079999804496765,0.46799999475479126,0.2770000100135803,0.3449999988079071,0.2849999964237213],[0.3889999985694885,0.37400001287460327,0.4000000059604645,0.39800000190734863,0.21699999272823334,0.6790000200271606,0.972000002861023,0.968999981880188,0.9869999885559082,0.9919999837875366,1.0,0.9940000176429749,0.984000027179718,0.984000027179718,0.9909999966621399,0.9850000143051147,0.9879999756813049,0.9879999756813049,0.9860000014305115,0.9860000014305115,0.9079999923706055,0.9290000200271606,0.9340000152587891,0.9309999942779541,0.7870000004768372,0.7250000238418579,0.7210000157356262,0.7540000081062317,0.7580000162124634,0.7649999856948853,0.7680000066757202,0.27000001072883606,0.3499999940395355,0.3070000112056732,0.3490000069141388,0.44200000166893005,0.42800000309944153,0.4230000078678131,0.453000009059906,0.45100000500679016,0.3799999952316284,0.3869999945163727,0.5130000114440918,0.6079999804496765,0.4699999988079071,0.2770000100135803,0.3440000116825104,0.2849999964237213],[0.3880000114440918,0.37400001287460327,0.4009999930858612,0.39899998903274536,0.21799999475479126,0.6790000200271606,0.9729999899864197,0.9700000286102295,0.9869999885559082,0.9940000176429749,0.9940000176429749,1.0,0.9819999933242798,0.9850000143051147,0.9919999837875366,0.9860000014305115,0.9879999756813049,0.9890000224113464,0.9860000014305115,0.9869999885559082,0.9100000262260437,0.9309999942779541,0.9350000023841858,0.9309999942779541,0.7860000133514404,0.7250000238418579,0.722000002861023,0.7540000081062317,0.7580000162124634,0.765999972820282,0.7689999938011169,0.2709999978542328,0.35100001096725464,0.3070000112056732,0.3499999940395355,0.44200000166893005,0.42899999022483826,0.42399999499320984,0.453000009059906,0.45100000500679016,0.3799999952316284,0.3869999945163727,0.5130000114440918,0.6069999933242798,0.4690000116825104,0.2770000100135803,0.3449999988079071,0.28600001335144043],[0.38600000739097595,0.3700000047683716,0.3970000147819519,0.39500001072883606,0.22300000488758087,0.6729999780654907,0.9620000123977661,0.9769999980926514,0.9769999980926514,0.9810000061988831,0.984000027179718,0.9819999933242798,1.0,0.9860000014305115,0.9869999885559082,0.9919999837875366,0.9890000224113464,0.9890000224113464,0.9900000095367432,0.9900000095367432,0.9100000262260437,0.9200000166893005,0.9350000023841858,0.9350000023841858,0.7919999957084656,0.7310000061988831,0.7260000109672546,0.7609999775886536,0.7620000243186951,0.7710000276565552,0.7739999890327454,0.27300000190734863,0.35199999809265137,0.30799999833106995,0.3529999852180481,0.4449999928474426,0.4320000112056732,0.4259999990463257,0.4569999873638153,0.45500001311302185,0.3799999952316284,0.3869999945163727,0.5189999938011169,0.6150000095367432,0.47600001096725464,0.2750000059604645,0.34200000762939453,0.28299999237060547],[0.382999986410141,0.37299999594688416,0.4000000059604645,0.39800000190734863,0.22200000286102295,0.6769999861717224,0.9700000286102295,0.9729999899864197,0.9789999723434448,0.984000027179718,0.984000027179718,0.9850000143051147,0.9860000014305115,1.0,0.9879999756813049,0.9890000224113464,0.9909999966621399,0.9909999966621399,0.9919999837875366,0.9909999966621399,0.9079999923706055,0.9269999861717224,0.9359999895095825,0.9350000023841858,0.7879999876022339,0.7319999933242798,0.7269999980926514,0.7559999823570251,0.7630000114440918,0.7720000147819519,0.7749999761581421,0.27300000190734863,0.3529999852180481,0.3089999854564667,0.3540000021457672,0.44600000977516174,0.43299999833106995,0.4269999861717224,0.4580000042915344,0.4560000002384186,0.38199999928474426,0.3889999985694885,0.5180000066757202,0.6100000143051147,0.4749999940395355,0.2770000100135803,0.3440000116825104,0.2849999964237213],[0.3869999945163727,0.37299999594688416,0.4000000059604645,0.39800000190734863,0.2199999988079071,0.6790000200271606,0.9700000286102295,0.9739999771118164,0.9850000143051147,0.9900000095367432,0.9909999966621399,0.9919999837875366,0.9869999885559082,0.9879999756813049,1.0,0.9909999966621399,0.9909999966621399,0.9929999709129333,0.9909999966621399,0.9909999966621399,0.9129999876022339,0.9279999732971191,0.9390000104904175,0.9350000023841858,0.7879999876022339,0.7279999852180481,0.7239999771118164,0.7559999823570251,0.7599999904632568,0.7680000066757202,0.7710000276565552,0.2720000147819519,0.35100001096725464,0.30799999833106995,0.35199999809265137,0.4440000057220459,0.4309999942779541,0.42500001192092896,0.4560000002384186,0.453000009059906,0.38100001215934753,0.3889999985694885,0.5149999856948853,0.609000027179718,0.47099998593330383,0.2759999930858612,0.3449999988079071,0.28600001335144043],[0.3840000033378601,0.3709999918937683,0.3970000147819519,0.39500001072883606,0.22499999403953552,0.6740000247955322,0.9639999866485596,0.9800000190734863,0.9800000190734863,0.984000027179718,0.9850000143051147,0.9860000014305115,0.9919999837875366,0.9890000224113464,0.9909999966621399,1.0,0.9909999966621399,0.9940000176429749,0.9929999709129333,0.9929999709129333,0.9110000133514404,0.9229999780654907,0.9399999976158142,0.9359999895095825,0.7929999828338623,0.7329999804496765,0.7289999723434448,0.7609999775886536,0.7639999985694885,0.7730000019073486,0.7760000228881836,0.27399998903274536,0.3529999852180481,0.3100000023841858,0.35499998927116394,0.44600000977516174,0.4339999854564667,0.42800000309944153,0.46000000834465027,0.4569999873638153,0.38199999928474426,0.3880000114440918,0.5199999809265137,0.6129999756813049,0.47600001096725464,0.2759999930858612,0.34299999475479126,0.2840000092983246],[0.3869999945163727,0.3720000088214874,0.39899998903274536,0.3970000147819519,0.22100000083446503,0.675000011920929,0.9679999947547913,0.9750000238418579,0.9829999804496765,0.9879999756813049,0.9879999756813049,0.9879999756813049,0.9890000224113464,0.9909999966621399,0.9909999966621399,0.9909999966621399,1.0,0.9950000047683716,0.9929999709129333,0.9929999709129333,0.9100000262260437,0.9240000247955322,0.9390000104904175,0.9359999895095825,0.7900000214576721,0.7300000190734863,0.7250000238418579,0.7580000162124634,0.7609999775886536,0.7699999809265137,0.7730000019073486,0.2720000147819519,0.35199999809265137,0.30799999833106995,0.3529999852180481,0.4449999928474426,0.4320000112056732,0.4259999990463257,0.4560000002384186,0.45399999618530273,0.38100001215934753,0.3880000114440918,0.5170000195503235,0.6119999885559082,0.4729999899864197,0.2759999930858612,0.34299999475479126,0.2840000092983246],[0.38600000739097595,0.3709999918937683,0.39800000190734863,0.3970000147819519,0.22200000286102295,0.6759999990463257,0.9670000076293945,0.9779999852180481,0.9819999933242798,0.9890000224113464,0.9879999756813049,0.9890000224113464,0.9890000224113464,0.9909999966621399,0.9929999709129333,0.9940000176429749,0.9950000047683716,1.0,0.9959999918937683,0.9959999918937683,0.9120000004768372,0.925000011920929,0.9409999847412109,0.9390000104904175,0.7900000214576721,0.7310000061988831,0.7269999980926514,0.7590000033378601,0.7620000243186951,0.7710000276565552,0.7739999890327454,0.27300000190734863,0.3529999852180481,0.3089999854564667,0.3540000021457672,0.44600000977516174,0.4320000112056732,0.4269999861717224,0.4580000042915344,0.4560000002384186,0.38199999928474426,0.3880000114440918,0.5180000066757202,0.6119999885559082,0.4740000069141388,0.2759999930858612,0.3440000116825104,0.2849999964237213],[0.38600000739097595,0.3709999918937683,0.39800000190734863,0.3959999978542328,0.22300000488758087,0.675000011920929,0.9660000205039978,0.9769999980926514,0.9819999933242798,0.9869999885559082,0.9860000014305115,0.9860000014305115,0.9900000095367432,0.9919999837875366,0.9909999966621399,0.9929999709129333,0.9929999709129333,0.9959999918937683,1.0,0.9959999918937683,0.9120000004768372,0.9229999780654907,0.9399999976158142,0.9399999976158142,0.7919999957084656,0.7310000061988831,0.7260000109672546,0.7599999904632568,0.7620000243186951,0.7710000276565552,0.7739999890327454,0.27300000190734863,0.35199999809265137,0.3089999854564667,0.3540000021457672,0.4449999928474426,0.4320000112056732,0.4259999990463257,0.4569999873638153,0.45500001311302185,0.38100001215934753,0.3869999945163727,0.5180000066757202,0.6129999756813049,0.4740000069141388,0.2759999930858612,0.34299999475479126,0.2840000092983246],[0.3869999945163727,0.3709999918937683,0.39899998903274536,0.3970000147819519,0.22300000488758087,0.675000011920929,0.9649999737739563,0.9769999980926514,0.9819999933242798,0.9860000014305115,0.9860000014305115,0.9869999885559082,0.9900000095367432,0.9909999966621399,0.9909999966621399,0.9929999709129333,0.9929999709129333,0.9959999918937683,0.9959999918937683,1.0,0.9110000133514404,0.9229999780654907,0.9399999976158142,0.9399999976158142,0.7910000085830688,0.7310000061988831,0.7260000109672546,0.7590000033378601,0.7620000243186951,0.7710000276565552,0.7739999890327454,0.2720000147819519,0.35199999809265137,0.3089999854564667,0.3529999852180481,0.4449999928474426,0.4320000112056732,0.4259999990463257,0.4580000042915344,0.45500001311302185,0.38100001215934753,0.3880000114440918,0.5180000066757202,0.6129999756813049,0.4740000069141388,0.2759999930858612,0.34299999475479126,0.2840000092983246],[0.39500001072883606,0.4009999930858612,0.421999990940094,0.42399999499320984,0.1809999942779541,0.6579999923706055,0.902999997138977,0.902999997138977,0.902999997138977,0.9079999923706055,0.9079999923706055,0.9100000262260437,0.9100000262260437,0.9079999923706055,0.9129999876022339,0.9110000133514404,0.9100000262260437,0.9120000004768372,0.9120000004768372,0.9110000133514404,1.0,0.9570000171661377,0.9629999995231628,0.9670000076293945,0.734000027179718,0.6830000281333923,0.6650000214576721,0.703000009059906,0.7039999961853027,0.7110000252723694,0.7139999866485596,0.23999999463558197,0.30399999022483826,0.2720000147819519,0.30000001192092896,0.41200000047683716,0.43799999356269836,0.4320000112056732,0.4259999990463257,0.4309999942779541,0.3869999945163727,0.3959999978542328,0.46299999952316284,0.5619999766349792,0.41999998688697815,0.2809999883174896,0.3149999976158142,0.2759999930858612],[0.38499999046325684,0.39800000190734863,0.4189999997615814,0.42100000381469727,0.18199999630451202,0.6759999990463257,0.9160000085830688,0.9089999794960022,0.9290000200271606,0.9290000200271606,0.9290000200271606,0.9309999942779541,0.9200000166893005,0.9269999861717224,0.9279999732971191,0.9229999780654907,0.9240000247955322,0.925000011920929,0.9229999780654907,0.9229999780654907,0.9570000171661377,1.0,0.9779999852180481,0.9810000061988831,0.7400000095367432,0.6850000023841858,0.6819999814033508,0.7089999914169312,0.7170000076293945,0.7239999771118164,0.7269999980926514,0.24300000071525574,0.31700000166893005,0.2759999930858612,0.31200000643730164,0.4259999990463257,0.45399999618530273,0.4490000009536743,0.4399999976158142,0.44600000977516174,0.40400001406669617,0.41100001335144043,0.4749999940395355,0.5600000023841858,0.42500001192092896,0.29499998688697815,0.3310000002384186,0.29100000858306885],[0.3880000114440918,0.3930000066757202,0.4189999997615814,0.4189999997615814,0.18799999356269836,0.6669999957084656,0.9139999747276306,0.9259999990463257,0.9309999942779541,0.9340000152587891,0.9340000152587891,0.9350000023841858,0.9350000023841858,0.9359999895095825,0.9390000104904175,0.9399999976158142,0.9390000104904175,0.9409999847412109,0.9399999976158142,0.9399999976158142,0.9629999995231628,0.9779999852180481,1.0,0.9929999709129333,0.7480000257492065,0.6890000104904175,0.6840000152587891,0.7179999947547913,0.7200000286102295,0.7279999852180481,0.7310000061988831,0.24500000476837158,0.3179999887943268,0.27799999713897705,0.3140000104904175,0.42899999022483826,0.453000009059906,0.44699999690055847,0.4429999887943268,0.4490000009536743,0.4000000059604645,0.40700000524520874,0.4779999852180481,0.5730000138282776,0.4339999854564667,0.28999999165534973,0.32600000500679016,0.28700000047683716],[0.3880000114440918,0.3930000066757202,0.4189999997615814,0.42100000381469727,0.1860000044107437,0.6679999828338623,0.9100000262260437,0.921999990940094,0.9269999861717224,0.9309999942779541,0.9309999942779541,0.9309999942779541,0.9350000023841858,0.9350000023841858,0.9350000023841858,0.9359999895095825,0.9359999895095825,0.9390000104904175,0.9399999976158142,0.9399999976158142,0.9670000076293945,0.9810000061988831,0.9929999709129333,1.0,0.7480000257492065,0.6880000233650208,0.6809999942779541,0.7179999947547913,0.7179999947547913,0.7269999980926514,0.7300000190734863,0.24300000071525574,0.3160000145435333,0.2759999930858612,0.31200000643730164,0.4269999861717224,0.45399999618530273,0.4480000138282776,0.4410000145435333,0.44699999690055847,0.4009999930858612,0.40799999237060547,0.47600001096725464,0.5709999799728394,0.4309999942779541,0.29100000858306885,0.3269999921321869,0.28700000047683716],[0.35899999737739563,0.34599998593330383,0.3330000042915344,0.3319999873638153,0.3050000071525574,0.6790000200271606,0.7699999809265137,0.7900000214576721,0.7850000262260437,0.7860000133514404,0.7870000004768372,0.7860000133514404,0.7919999957084656,0.7879999876022339,0.7879999876022339,0.7929999828338623,0.7900000214576721,0.7900000214576721,0.7919999957084656,0.7910000085830688,0.734000027179718,0.7400000095367432,0.7480000257492065,0.7480000257492065,1.0,0.8450000286102295,0.8289999961853027,0.8769999742507935,0.8939999938011169,0.8830000162124634,0.8849999904632568,0.33500000834465027,0.4339999854564667,0.3790000081062317,0.4300000071525574,0.5090000033378601,0.5040000081062317,0.49399998784065247,0.531000018119812,0.5260000228881836,0.42899999022483826,0.4309999942779541,0.6029999852180481,0.7009999752044678,0.5690000057220459,0.30399999022483826,0.34599998593330383,0.3070000112056732],[0.35100001096725464,0.34200000762939453,0.32899999618530273,0.328000009059906,0.3440000116825104,0.671999990940094,0.7379999756813049,0.7300000190734863,0.7239999771118164,0.7239999771118164,0.7250000238418579,0.7250000238418579,0.7310000061988831,0.7319999933242798,0.7279999852180481,0.7329999804496765,0.7300000190734863,0.7310000061988831,0.7310000061988831,0.7310000061988831,0.6830000281333923,0.6850000023841858,0.6890000104904175,0.6880000233650208,0.8450000286102295,1.0,0.847000002861023,0.8830000162124634,0.9079999923706055,0.8970000147819519,0.8980000019073486,0.38499999046325684,0.44600000977516174,0.414000004529953,0.453000009059906,0.5070000290870667,0.49799999594688416,0.48899999260902405,0.527999997138977,0.5230000019073486,0.4230000078678131,0.42500001192092896,0.6119999885559082,0.7080000042915344,0.5820000171661377,0.2939999997615814,0.3310000002384186,0.28600001335144043],[0.2759999930858612,0.2630000114440918,0.2639999985694885,0.2630000114440918,0.35100001096725464,0.6610000133514404,0.7110000252723694,0.7239999771118164,0.7210000157356262,0.7210000157356262,0.7210000157356262,0.722000002861023,0.7260000109672546,0.7269999980926514,0.7239999771118164,0.7289999723434448,0.7250000238418579,0.7269999980926514,0.7260000109672546,0.7260000109672546,0.6650000214576721,0.6819999814033508,0.6840000152587891,0.6809999942779541,0.8289999961853027,0.847000002861023,1.0,0.8889999985694885,0.9070000052452087,0.9100000262260437,0.906000018119812,0.39800000190734863,0.5090000033378601,0.4359999895095825,0.5059999823570251,0.5950000286102295,0.593999981880188,0.5820000171661377,0.6269999742507935,0.6159999966621399,0.5049999952316284,0.503000020980835,0.6830000281333923,0.7689999938011169,0.671999990940094,0.3540000021457672,0.39399999380111694,0.3490000069141388],[0.3370000123977661,0.3109999895095825,0.3059999942779541,0.3050000071525574,0.328000009059906,0.6880000233650208,0.7390000224113464,0.7559999823570251,0.753000020980835,0.7540000081062317,0.7540000081062317,0.7540000081062317,0.7609999775886536,0.7559999823570251,0.7559999823570251,0.7609999775886536,0.7580000162124634,0.7590000033378601,0.7599999904632568,0.7590000033378601,0.703000009059906,0.7089999914169312,0.7179999947547913,0.7179999947547913,0.8769999742507935,0.8830000162124634,0.8889999985694885,1.0,0.9480000138282776,0.9610000252723694,0.9589999914169312,0.367000013589859,0.46700000762939453,0.40299999713897705,0.4699999988079071,0.5410000085830688,0.5350000262260437,0.5249999761581421,0.5649999976158142,0.5590000152587891,0.4580000042915344,0.45899999141693115,0.6470000147819519,0.7919999957084656,0.6520000100135803,0.3240000009536743,0.36399999260902405,0.3190000057220459],[0.335999995470047,0.3179999887943268,0.3070000112056732,0.3050000071525574,0.33500000834465027,0.7049999833106995,0.746999979019165,0.7609999775886536,0.7580000162124634,0.7570000290870667,0.7580000162124634,0.7580000162124634,0.7620000243186951,0.7630000114440918,0.7599999904632568,0.7639999985694885,0.7609999775886536,0.7620000243186951,0.7620000243186951,0.7620000243186951,0.7039999961853027,0.7170000076293945,0.7200000286102295,0.7179999947547913,0.8939999938011169,0.9079999923706055,0.9070000052452087,0.9480000138282776,1.0,0.9660000205039978,0.9620000123977661,0.37700000405311584,0.48100000619888306,0.4169999957084656,0.4790000021457672,0.5519999861717224,0.5460000038146973,0.5370000004768372,0.5770000219345093,0.5720000267028809,0.46700000762939453,0.46799999475479126,0.6600000262260437,0.7670000195503235,0.640999972820282,0.3319999873638153,0.3700000047683716,0.32499998807907104],[0.33000001311302185,0.31200000643730164,0.3140000104904175,0.31200000643730164,0.3370000123977661,0.6959999799728394,0.7540000081062317,0.7680000066757202,0.7639999985694885,0.7649999856948853,0.7649999856948853,0.765999972820282,0.7710000276565552,0.7720000147819519,0.7680000066757202,0.7730000019073486,0.7699999809265137,0.7710000276565552,0.7710000276565552,0.7710000276565552,0.7110000252723694,0.7239999771118164,0.7279999852180481,0.7269999980926514,0.8830000162124634,0.8970000147819519,0.9100000262260437,0.9610000252723694,0.9660000205039978,1.0,0.9829999804496765,0.37400001287460327,0.4749999940395355,0.41100001335144043,0.4790000021457672,0.5490000247955322,0.5440000295639038,0.5339999794960022,0.5740000009536743,0.5690000057220459,0.46399998664855957,0.4650000035762787,0.6579999923706055,0.7879999876022339,0.6520000100135803,0.328000009059906,0.36899998784065247,0.3230000138282776],[0.32899999618530273,0.31299999356269836,0.3160000145435333,0.3149999976158142,0.33399999141693115,0.6990000009536743,0.7570000290870667,0.7710000276565552,0.7680000066757202,0.7670000195503235,0.7680000066757202,0.7689999938011169,0.7739999890327454,0.7749999761581421,0.7710000276565552,0.7760000228881836,0.7730000019073486,0.7739999890327454,0.7739999890327454,0.7739999890327454,0.7139999866485596,0.7269999980926514,0.7310000061988831,0.7300000190734863,0.8849999904632568,0.8980000019073486,0.906000018119812,0.9589999914169312,0.9620000123977661,0.9829999804496765,1.0,0.37299999594688416,0.4749999940395355,0.41200000047683716,0.4779999852180481,0.5529999732971191,0.5450000166893005,0.5350000262260437,0.5759999752044678,0.5709999799728394,0.4659999907016754,0.46799999475479126,0.6600000262260437,0.781000018119812,0.6460000276565552,0.33000001311302185,0.3709999918937683,0.3240000009536743],[0.017999999225139618,0.004000000189989805,0.007000000216066837,0.004000000189989805,0.39399999380111694,0.25099998712539673,0.2759999930858612,0.27300000190734863,0.2709999978542328,0.27000001072883606,0.27000001072883606,0.2709999978542328,0.27300000190734863,0.27300000190734863,0.2720000147819519,0.27399998903274536,0.2720000147819519,0.27300000190734863,0.27300000190734863,0.2720000147819519,0.23999999463558197,0.24300000071525574,0.24500000476837158,0.24300000071525574,0.33500000834465027,0.38499999046325684,0.39800000190734863,0.367000013589859,0.37700000405311584,0.37400001287460327,0.37299999594688416,1.0,0.7059999704360962,0.7070000171661377,0.5149999856948853,0.5419999957084656,0.5220000147819519,0.5149999856948853,0.5479999780654907,0.5360000133514404,0.4620000123977661,0.4560000002384186,0.5099999904632568,0.3880000114440918,0.48100000619888306,0.3709999918937683,0.3540000021457672,0.3720000088214874],[0.01600000075995922,0.0010000000474974513,0.003000000026077032,0.0010000000474974513,0.3840000033378601,0.33799999952316284,0.33799999952316284,0.3540000021457672,0.3499999940395355,0.3499999940395355,0.3499999940395355,0.35100001096725464,0.35199999809265137,0.3529999852180481,0.35100001096725464,0.3529999852180481,0.35199999809265137,0.3529999852180481,0.35199999809265137,0.35199999809265137,0.30399999022483826,0.31700000166893005,0.3179999887943268,0.3160000145435333,0.4339999854564667,0.44600000977516174,0.5090000033378601,0.46700000762939453,0.48100000619888306,0.4749999940395355,0.4749999940395355,0.7059999704360962,1.0,0.7680000066757202,0.609000027179718,0.6940000057220459,0.6629999876022339,0.652999997138977,0.7020000219345093,0.6890000104904175,0.5950000286102295,0.5929999947547913,0.6420000195503235,0.4970000088214874,0.6190000176429749,0.45399999618530273,0.4779999852180481,0.47200000286102295],[0.014999999664723873,0.0020000000949949026,0.006000000052154064,0.004000000189989805,0.375,0.2919999957084656,0.31200000643730164,0.30799999833106995,0.3070000112056732,0.3070000112056732,0.3070000112056732,0.3070000112056732,0.30799999833106995,0.3089999854564667,0.30799999833106995,0.3100000023841858,0.30799999833106995,0.3089999854564667,0.3089999854564667,0.3089999854564667,0.2720000147819519,0.2759999930858612,0.27799999713897705,0.2759999930858612,0.3790000081062317,0.414000004529953,0.4359999895095825,0.40299999713897705,0.4169999957084656,0.41100001335144043,0.41200000047683716,0.7070000171661377,0.7680000066757202,1.0,0.5329999923706055,0.5889999866485596,0.5720000267028809,0.5609999895095825,0.6010000109672546,0.5889999866485596,0.5099999904632568,0.5070000290870667,0.5770000219345093,0.42800000309944153,0.531000018119812,0.3930000066757202,0.40400001406669617,0.40799999237060547],[0.014999999664723873,0.0010000000474974513,0.003000000026077032,0.0010000000474974513,0.527999997138977,0.3269999921321869,0.33799999952316284,0.3529999852180481,0.3499999940395355,0.3490000069141388,0.3490000069141388,0.3499999940395355,0.3529999852180481,0.3540000021457672,0.35199999809265137,0.35499998927116394,0.3529999852180481,0.3540000021457672,0.3540000021457672,0.3529999852180481,0.30000001192092896,0.31200000643730164,0.3140000104904175,0.31200000643730164,0.4300000071525574,0.453000009059906,0.5059999823570251,0.4699999988079071,0.4790000021457672,0.4790000021457672,0.4779999852180481,0.5149999856948853,0.609000027179718,0.5329999923706055,1.0,0.6299999952316284,0.6069999933242798,0.5989999771118164,0.6439999938011169,0.628000020980835,0.527999997138977,0.5320000052452087,0.5989999771118164,0.49399998784065247,0.6150000095367432,0.4129999876022339,0.4729999899864197,0.42100000381469727],[0.013000000268220901,0.0,0.0020000000949949026,0.0010000000474974513,0.4009999930858612,0.3889999985694885,0.4300000071525574,0.4440000057220459,0.44200000166893005,0.4410000145435333,0.44200000166893005,0.44200000166893005,0.4449999928474426,0.44600000977516174,0.4440000057220459,0.44600000977516174,0.4449999928474426,0.44600000977516174,0.4449999928474426,0.4449999928474426,0.41200000047683716,0.4259999990463257,0.42899999022483826,0.4269999861717224,0.5090000033378601,0.5070000290870667,0.5950000286102295,0.5410000085830688,0.5519999861717224,0.5490000247955322,0.5529999732971191,0.5419999957084656,0.6940000057220459,0.5889999866485596,0.6299999952316284,1.0,0.8930000066757202,0.8859999775886536,0.9380000233650208,0.9190000295639038,0.7889999747276306,0.796999990940094,0.7250000238418579,0.5820000171661377,0.7239999771118164,0.5720000267028809,0.5720000267028809,0.5709999799728394],[0.0020000000949949026,0.0,0.0010000000474974513,0.0010000000474974513,0.3840000033378601,0.38499999046325684,0.41600000858306885,0.42800000309944153,0.42899999022483826,0.42800000309944153,0.42800000309944153,0.42899999022483826,0.4320000112056732,0.43299999833106995,0.4309999942779541,0.4339999854564667,0.4320000112056732,0.4320000112056732,0.4320000112056732,0.4320000112056732,0.43799999356269836,0.45399999618530273,0.453000009059906,0.45399999618530273,0.5040000081062317,0.49799999594688416,0.593999981880188,0.5350000262260437,0.5460000038146973,0.5440000295639038,0.5450000166893005,0.5220000147819519,0.6629999876022339,0.5720000267028809,0.6069999933242798,0.8930000066757202,1.0,0.9789999723434448,0.9390000104904175,0.9409999847412109,0.8489999771118164,0.8379999995231628,0.7120000123977661,0.5809999704360962,0.7229999899864197,0.5960000157356262,0.5619999766349792,0.5609999895095825],[0.0020000000949949026,0.0,0.0010000000474974513,0.0010000000474974513,0.37299999594688416,0.3889999985694885,0.41100001335144043,0.42399999499320984,0.42399999499320984,0.4230000078678131,0.4230000078678131,0.42399999499320984,0.4259999990463257,0.4269999861717224,0.42500001192092896,0.42800000309944153,0.4259999990463257,0.4269999861717224,0.4259999990463257,0.4259999990463257,0.4320000112056732,0.4490000009536743,0.44699999690055847,0.4480000138282776,0.49399998784065247,0.48899999260902405,0.5820000171661377,0.5249999761581421,0.5370000004768372,0.5339999794960022,0.5350000262260437,0.5149999856948853,0.652999997138977,0.5609999895095825,0.5989999771118164,0.8859999775886536,0.9789999723434448,1.0,0.921999990940094,0.9269999861717224,0.8640000224113464,0.8489999771118164,0.7009999752044678,0.5699999928474426,0.7089999914169312,0.6060000061988831,0.5709999799728394,0.5709999799728394],[0.014000000432133675,0.0,0.003000000026077032,0.0010000000474974513,0.4180000126361847,0.39100000262260437,0.4410000145435333,0.45500001311302185,0.453000009059906,0.4519999921321869,0.453000009059906,0.453000009059906,0.4569999873638153,0.4580000042915344,0.4560000002384186,0.46000000834465027,0.4560000002384186,0.4580000042915344,0.4569999873638153,0.4580000042915344,0.4259999990463257,0.4399999976158142,0.4429999887943268,0.4410000145435333,0.531000018119812,0.527999997138977,0.6269999742507935,0.5649999976158142,0.5770000219345093,0.5740000009536743,0.5759999752044678,0.5479999780654907,0.7020000219345093,0.6010000109672546,0.6439999938011169,0.9380000233650208,0.9390000104904175,0.921999990940094,1.0,0.9729999899864197,0.800000011920929,0.800000011920929,0.7480000257492065,0.6129999756813049,0.7630000114440918,0.5619999766349792,0.5659999847412109,0.5540000200271606],[0.017000000923871994,0.003000000026077032,0.006000000052154064,0.004000000189989805,0.4099999964237213,0.38999998569488525,0.4390000104904175,0.453000009059906,0.4519999921321869,0.44999998807907104,0.45100000500679016,0.45100000500679016,0.45500001311302185,0.4560000002384186,0.453000009059906,0.4569999873638153,0.45399999618530273,0.4560000002384186,0.45500001311302185,0.45500001311302185,0.4309999942779541,0.44600000977516174,0.4490000009536743,0.44699999690055847,0.5260000228881836,0.5230000019073486,0.6159999966621399,0.5590000152587891,0.5720000267028809,0.5690000057220459,0.5709999799728394,0.5360000133514404,0.6890000104904175,0.5889999866485596,0.628000020980835,0.9190000295639038,0.9409999847412109,0.9269999861717224,0.9729999899864197,1.0,0.8050000071525574,0.8069999814033508,0.7360000014305115,0.6079999804496765,0.75,0.5640000104904175,0.5559999942779541,0.5600000023841858],[0.0010000000474974513,0.0,0.0,0.0,0.296999990940094,0.41600000858306885,0.367000013589859,0.3799999952316284,0.3799999952316284,0.3799999952316284,0.3799999952316284,0.3799999952316284,0.3799999952316284,0.38199999928474426,0.38100001215934753,0.38199999928474426,0.38100001215934753,0.38199999928474426,0.38100001215934753,0.38100001215934753,0.3869999945163727,0.40400001406669617,0.4000000059604645,0.4009999930858612,0.42899999022483826,0.4230000078678131,0.5049999952316284,0.4580000042915344,0.46700000762939453,0.46399998664855957,0.4659999907016754,0.4620000123977661,0.5950000286102295,0.5099999904632568,0.527999997138977,0.7889999747276306,0.8489999771118164,0.8640000224113464,0.800000011920929,0.8050000071525574,1.0,0.8709999918937683,0.6209999918937683,0.49300000071525574,0.6140000224113464,0.6930000185966492,0.6439999938011169,0.6119999885559082],[0.0010000000474974513,0.0,0.0010000000474974513,0.0010000000474974513,0.29899999499320984,0.40799999237060547,0.37400001287460327,0.38499999046325684,0.3869999945163727,0.3869999945163727,0.3869999945163727,0.3869999945163727,0.3869999945163727,0.3889999985694885,0.3889999985694885,0.3880000114440918,0.3880000114440918,0.3880000114440918,0.3869999945163727,0.3880000114440918,0.3959999978542328,0.41100001335144043,0.40700000524520874,0.40799999237060547,0.4309999942779541,0.42500001192092896,0.503000020980835,0.45899999141693115,0.46799999475479126,0.4650000035762787,0.46799999475479126,0.4560000002384186,0.5929999947547913,0.5070000290870667,0.5320000052452087,0.796999990940094,