{"labels":[{"exchange":"EX_btn_e","name":"Biotin"},{"exchange":"EX_asn__L_e","name":"L-Asparagine"},{"exchange":"EX_gln__L_e","name":"L-Glutamine"},{"exchange":"EX_ascb__L_e","name":"L-Ascorbate"},{"exchange":"EX_cbl1_e","name":"Cob(I)alamin"},{"exchange":"EX_asp__L_e","name":"L-Aspartate"},{"exchange":"EX_glu__L_e","name":"L-Glutamate"},{"exchange":"EX_trp__L_e","name":"L-Tryptophan"},{"exchange":"EX_pro__L_e","name":"L-Proline"},{"exchange":"EX_gly_e","name":"Glycine"},{"exchange":"EX_ala__L_e","name":"L-Alanine"},{"exchange":"EX_met__L_e","name":"L-Methionine"},{"exchange":"EX_his__L_e","name":"L-Histidine"},{"exchange":"EX_tyr__L_e","name":"L-Tyrosine"},{"exchange":"EX_lys__L_e","name":"L-Lysine"},{"exchange":"EX_arg__L_e","name":"L-Arginine"},{"exchange":"EX_thr__L_e","name":"L-Threonine"},{"exchange":"EX_leu__L_e","name":"L-Leucine"},{"exchange":"EX_ile__L_e","name":"L-Isoleucine"},{"exchange":"EX_cys__L_e","name":"L-Cysteine"},{"exchange":"EX_ser__L_e","name":"L-Serine"},{"exchange":"EX_phe__L_e","name":"L-Phenylalanine"},{"exchange":"EX_val__L_e","name":"L-Valine"},{"exchange":"EX_o2_e","name":"O2 O2"},{"exchange":"EX_co2_e","name":"CO2 CO2"},{"exchange":"EX_pnto__R_e","name":"(R)-Pantothenate"},{"exchange":"EX_fol_e","name":"Folate"},{"exchange":"EX_thm_e","name":"Thiamin"},{"exchange":"EX_pydxn_e","name":"Pyridoxine"},{"exchange":"EX_nac_e","name":"Nicotinate"},{"exchange":"EX_ribflv_e","name":"Riboflavin C17H20N4O6"},{"exchange":"EX_phllqne_e","name":"Vitamin K (phylloquinone)"},{"exchange":"EX_avite1_e","name":"Alpha-Tocopherol"},{"exchange":"EX_chol_e","name":"Choline C5H14NO"},{"exchange":"EX_retinol_e","name":"All-trans-Retinol"},{"exchange":"EX_nh4_e","name":"Ammonium"},{"exchange":"EX_fe3_e","name":"Iron (Fe3+)"},{"exchange":"EX_slnt_e","name":"Selenite"},{"exchange":"EX_lnlnca_e","name":"PUFA 18:3"},{"exchange":"EX_hdca_e","name":"Hexadecanoate (n-C16:0)"},{"exchange":"EX_ocdca_e","name":"Octadecanoate (n-C18:0)"},{"exchange":"EX_lnlc_e","name":"PUFA 18:2"},{"exchange":"EX_ocdcea_e","name":"Octadecenoate (n-C18:1)"},{"exchange":"EX_ttdca_e","name":"Tetradecanoate (n-C14:0)"},{"exchange":"EX_hdcea_e","name":"MUFA 16:1"},{"exchange":"EX_ddca_e","name":"Dodecanoate (n-C12:0)"},{"exchange":"EX_choles_e","name":"Cholesterol"},{"exchange":"EX_M01235_e","name":"MUFA 20:1"}],"matrix":[[1.0,0.8339999914169312,0.8389999866485596,0.024000000208616257,0.4180000126361847,0.3889999985694885,0.38600000739097595,0.3880000114440918,0.3869999945163727,0.3880000114440918,0.3869999945163727,0.38600000739097595,0.38199999928474426,0.38600000739097595,0.382999986410141,0.38600000739097595,0.38499999046325684,0.38499999046325684,0.38600000739097595,0.39500001072883606,0.38600000739097595,0.3889999985694885,0.38999998569488525,0.25600001215934753,0.27399998903274536,0.3580000102519989,0.35100001096725464,0.3370000123977661,0.335999995470047,0.32899999618530273,0.328000009059906,0.017000000923871994,0.014999999664723873,0.014000000432133675,0.014000000432133675,0.20100000500679016,0.05299999937415123,0.0820000022649765,0.013000000268220901,0.0020000000949949026,0.0020000000949949026,0.013000000268220901,0.01600000075995922,0.0010000000474974513,0.0010000000474974513,0.0010000000474974513,0.00800000037997961,0.007000000216066837],[0.8339999914169312,1.0,0.9860000014305115,0.00800000037997961,0.4180000126361847,0.40700000524520874,0.39899998903274536,0.3959999978542328,0.4000000059604645,0.39899998903274536,0.4000000059604645,0.3959999978542328,0.39899998903274536,0.39899998903274536,0.3959999978542328,0.3970000147819519,0.3970000147819519,0.3970000147819519,0.3970000147819519,0.4230000078678131,0.41999998688697815,0.41600000858306885,0.41600000858306885,0.25099998712539673,0.26499998569488525,0.3319999873638153,0.328000009059906,0.3059999942779541,0.3059999942779541,0.31299999356269836,0.3149999976158142,0.004999999888241291,0.0020000000949949026,0.004999999888241291,0.0020000000949949026,0.18199999630451202,0.03500000014901161,0.06599999964237213,0.0020000000949949026,0.0010000000474974513,0.0010000000474974513,0.0020000000949949026,0.004999999888241291,0.0,0.0010000000474974513,0.0,0.0,0.0010000000474974513],[0.8389999866485596,0.9860000014305115,1.0,0.007000000216066837,0.41999998688697815,0.40700000524520874,0.39899998903274536,0.3970000147819519,0.4000000059604645,0.39899998903274536,0.39899998903274536,0.3959999978542328,0.39899998903274536,0.39899998903274536,0.3959999978542328,0.3970000147819519,0.3970000147819519,0.3970000147819519,0.39800000190734863,0.42399999499320984,0.42100000381469727,0.41600000858306885,0.4169999957084656,0.25,0.26499998569488525,0.3319999873638153,0.328000009059906,0.3059999942779541,0.3059999942779541,0.31299999356269836,0.3149999976158142,0.004999999888241291,0.0010000000474974513,0.004000000189989805,0.0010000000474974513,0.18199999630451202,0.03400000184774399,0.06499999761581421,0.0010000000474974513,0.0010000000474974513,0.0010000000474974513,0.0010000000474974513,0.004000000189989805,0.0,0.0010000000474974513,0.0,0.0,0.0],[0.024000000208616257,0.00800000037997961,0.007000000216066837,1.0,0.16300000250339508,0.22200000286102295,0.20999999344348907,0.2199999988079071,0.2160000056028366,0.21699999272823334,0.21699999272823334,0.22300000488758087,0.22200000286102295,0.21899999678134918,0.2240000069141388,0.22100000083446503,0.22200000286102295,0.22200000286102295,0.22200000286102295,0.1809999942779541,0.18199999630451202,0.1940000057220459,0.19300000369548798,0.328000009059906,0.3440000116825104,0.3050000071525574,0.3440000116825104,0.328000009059906,0.33500000834465027,0.3370000123977661,0.33399999141693115,0.39500001072883606,0.3840000033378601,0.375,0.5249999761581421,0.33899998664855957,0.4169999957084656,0.4009999930858612,0.4009999930858612,0.3840000033378601,0.37299999594688416,0.4180000126361847,0.4090000092983246,0.296999990940094,0.30000001192092896,0.2370000034570694,0.22300000488758087,0.19599999487400055],[0.4180000126361847,0.4180000126361847,0.41999998688697815,0.16300000250339508,1.0,0.6629999876022339,0.6790000200271606,0.675000011920929,0.6759999990463257,0.6759999990463257,0.6759999990463257,0.6710000038146973,0.675000011920929,0.6759999990463257,0.671999990940094,0.671999990940094,0.6740000247955322,0.671999990940094,0.671999990940094,0.6600000262260437,0.6779999732971191,0.6650000214576721,0.6650000214576721,0.6129999756813049,0.6629999876022339,0.6769999861717224,0.6700000166893005,0.6859999895095825,0.703000009059906,0.6930000185966492,0.6970000267028809,0.24899999797344208,0.335999995470047,0.28999999165534973,0.32499998807907104,0.5230000019073486,0.3959999978542328,0.46299999952316284,0.3869999945163727,0.38600000739097595,0.38999998569488525,0.38999998569488525,0.3889999985694885,0.4169999957084656,0.4090000092983246,0.34599998593330383,0.49300000071525574,0.34299999475479126],[0.3889999985694885,0.40700000524520874,0.40700000524520874,0.22200000286102295,0.6629999876022339,1.0,0.9589999914169312,0.9480000138282776,0.972000002861023,0.972000002861023,0.9729999899864197,0.9620000123977661,0.9700000286102295,0.9700000286102295,0.9639999866485596,0.9670000076293945,0.9670000076293945,0.9660000205039978,0.9649999737739563,0.9020000100135803,0.9160000085830688,0.921999990940094,0.9190000295639038,0.6690000295639038,0.7039999961853027,0.7699999809265137,0.7379999756813049,0.7390000224113464,0.746999979019165,0.7540000081062317,0.7580000162124634,0.2770000100135803,0.33799999952316284,0.31200000643730164,0.33500000834465027,0.5860000252723694,0.45100000500679016,0.5009999871253967,0.4300000071525574,0.41600000858306885,0.41100001335144043,0.4410000145435333,0.4390000104904175,0.367000013589859,0.37400001287460327,0.2630000114440918,0.32899999618530273,0.27399998903274536],[0.38600000739097595,0.39899998903274536,0.39899998903274536,0.20999999344348907,0.6790000200271606,0.9589999914169312,1.0,0.9559999704360962,0.9760000109672546,0.9769999980926514,0.9779999852180481,0.9679999947547913,0.9700000286102295,0.9750000238418579,0.9710000157356262,0.9739999771118164,0.9729999899864197,0.9729999899864197,0.9729999899864197,0.9110000133514404,0.9380000233650208,0.9300000071525574,0.9279999732971191,0.6840000152587891,0.718999981880188,0.777999997138977,0.7170000076293945,0.746999979019165,0.7509999871253967,0.7570000290870667,0.7609999775886536,0.26499998569488525,0.34299999475479126,0.30000001192092896,0.3440000116825104,0.6029999852180481,0.4650000035762787,0.5059999823570251,0.4359999895095825,0.4320000112056732,0.4269999861717224,0.4480000138282776,0.44699999690055847,0.382999986410141,0.38999998569488525,0.27900001406669617,0.3440000116825104,0.28600001335144043],[0.3880000114440918,0.3959999978542328,0.3970000147819519,0.2199999988079071,0.675000011920929,0.9480000138282776,0.9559999704360962,1.0,0.9700000286102295,0.968999981880188,0.9700000286102295,0.9769999980926514,0.9729999899864197,0.9739999771118164,0.9800000190734863,0.9750000238418579,0.9779999852180481,0.9769999980926514,0.9769999980926514,0.902999997138977,0.9089999794960022,0.9340000152587891,0.9309999942779541,0.6800000071525574,0.7160000205039978,0.7900000214576721,0.7300000190734863,0.7559999823570251,0.7609999775886536,0.7680000066757202,0.7710000276565552,0.27399998903274536,0.3529999852180481,0.30799999833106995,0.3499999940395355,0.6010000109672546,0.46299999952316284,0.5170000195503235,0.4440000057220459,0.42899999022483826,0.42399999499320984,0.4560000002384186,0.453000009059906,0.3799999952316284,0.38600000739097595,0.2759999930858612,0.34299999475479126,0.28299999237060547],[0.3869999945163727,0.4000000059604645,0.4000000059604645,0.2160000056028366,0.6759999990463257,0.972000002861023,0.9760000109672546,0.9700000286102295,1.0,0.9919999837875366,0.9940000176429749,0.9810000061988831,0.984000027179718,0.9900000095367432,0.984000027179718,0.9879999756813049,0.9879999756813049,0.9869999885559082,0.9860000014305115,0.9079999923706055,0.9290000200271606,0.9419999718666077,0.9399999976158142,0.6779999732971191,0.7139999866485596,0.7870000004768372,0.7239999771118164,0.7549999952316284,0.7570000290870667,0.7649999856948853,0.7680000066757202,0.2709999978542328,0.3499999940395355,0.3059999942779541,0.34700000286102295,0.6010000109672546,0.460999995470047,0.5120000243186951,0.4410000145435333,0.42800000309944153,0.4230000078678131,0.453000009059906,0.45100000500679016,0.3799999952316284,0.3869999945163727,0.2770000100135803,0.3440000116825104,0.2840000092983246],[0.3880000114440918,0.39899998903274536,0.39899998903274536,0.21699999272823334,0.6759999990463257,0.972000002861023,0.9769999980926514,0.968999981880188,0.9919999837875366,1.0,0.9940000176429749,0.984000027179718,0.984000027179718,0.9909999966621399,0.9850000143051147,0.9879999756813049,0.9879999756813049,0.9860000014305115,0.9860000014305115,0.9079999923706055,0.9300000071525574,0.9419999718666077,0.9399999976158142,0.6790000200271606,0.7139999866485596,0.7870000004768372,0.7250000238418579,0.7549999952316284,0.7580000162124634,0.7649999856948853,0.7680000066757202,0.2709999978542328,0.3499999940395355,0.3059999942779541,0.34700000286102295,0.6010000109672546,0.46299999952316284,0.5139999985694885,0.44200000166893005,0.42899999022483826,0.4230000078678131,0.453000009059906,0.45100000500679016,0.3799999952316284,0.3869999945163727,0.2770000100135803,0.34299999475479126,0.2840000092983246],[0.3869999945163727,0.4000000059604645,0.39899998903274536,0.21699999272823334,0.6759999990463257,0.9729999899864197,0.9779999852180481,0.9700000286102295,0.9940000176429749,0.9940000176429749,1.0,0.9810000061988831,0.9850000143051147,0.9919999837875366,0.9860000014305115,0.9879999756813049,0.9890000224113464,0.9860000014305115,0.9860000014305115,0.9100000262260437,0.9309999942779541,0.9430000185966492,0.9409999847412109,0.6800000071525574,0.7149999737739563,0.7870000004768372,0.7250000238418579,0.7549999952316284,0.7580000162124634,0.765999972820282,0.7689999938011169,0.2720000147819519,0.35100001096725464,0.3070000112056732,0.3479999899864197,0.6000000238418579,0.4620000123977661,0.5139999985694885,0.44200000166893005,0.42899999022483826,0.42399999499320984,0.45399999618530273,0.4519999921321869,0.3799999952316284,0.3880000114440918,0.2770000100135803,0.3440000116825104,0.2840000092983246],[0.38600000739097595,0.3959999978542328,0.3959999978542328,0.22300000488758087,0.6710000038146973,0.9620000123977661,0.9679999947547913,0.9769999980926514,0.9810000061988831,0.984000027179718,0.9810000061988831,1.0,0.9860000014305115,0.9869999885559082,0.9919999837875366,0.9879999756813049,0.9890000224113464,0.9900000095367432,0.9900000095367432,0.9100000262260437,0.9210000038146973,0.9430000185966492,0.9440000057220459,0.6840000152587891,0.718999981880188,0.7919999957084656,0.7310000061988831,0.7620000243186951,0.7620000243186951,0.7699999809265137,0.7739999890327454,0.27399998903274536,0.35199999809265137,0.30799999833106995,0.35100001096725464,0.6079999804496765,0.4690000116825104,0.5199999809265137,0.4449999928474426,0.4320000112056732,0.4259999990463257,0.4580000042915344,0.45500001311302185,0.3799999952316284,0.3880000114440918,0.2750000059604645,0.3409999907016754,0.28200000524520874],[0.38199999928474426,0.39899998903274536,0.39899998903274536,0.22200000286102295,0.675000011920929,0.9700000286102295,0.9700000286102295,0.9729999899864197,0.984000027179718,0.984000027179718,0.9850000143051147,0.9860000014305115,1.0,0.9879999756813049,0.9890000224113464,0.9909999966621399,0.9909999966621399,0.9919999837875366,0.9909999966621399,0.9079999923706055,0.9269999861717224,0.9449999928474426,0.9440000057220459,0.6850000023841858,0.7200000286102295,0.7879999876022339,0.7319999933242798,0.7570000290870667,0.7630000114440918,0.7710000276565552,0.7749999761581421,0.27399998903274536,0.3529999852180481,0.3089999854564667,0.35199999809265137,0.6029999852180481,0.46799999475479126,0.5189999938011169,0.44600000977516174,0.43299999833106995,0.4269999861717224,0.4580000042915344,0.4560000002384186,0.38199999928474426,0.3889999985694885,0.2770000100135803,0.34299999475479126,0.2840000092983246],[0.38600000739097595,0.39899998903274536,0.39899998903274536,0.21899999678134918,0.6759999990463257,0.9700000286102295,0.9750000238418579,0.9739999771118164,0.9900000095367432,0.9909999966621399,0.9919999837875366,0.9869999885559082,0.9879999756813049,1.0,0.9909999966621399,0.9909999966621399,0.9929999709129333,0.9909999966621399,0.9909999966621399,0.9129999876022339,0.9279999732971191,0.9470000267028809,0.9440000057220459,0.6819999814033508,0.7170000076293945,0.7879999876022339,0.7279999852180481,0.7570000290870667,0.7599999904632568,0.7680000066757202,0.7710000276565552,0.27300000190734863,0.35100001096725464,0.30799999833106995,0.3490000069141388,0.6019999980926514,0.46399998664855957,0.5149999856948853,0.4440000057220459,0.4309999942779541,0.4259999990463257,0.4560000002384186,0.45399999618530273,0.38100001215934753,0.3889999985694885,0.2770000100135803,0.3440000116825104,0.2840000092983246],[0.382999986410141,0.3959999978542328,0.3959999978542328,0.2240000069141388,0.671999990940094,0.9639999866485596,0.9710000157356262,0.9800000190734863,0.984000027179718,0.9850000143051147,0.9860000014305115,0.9919999837875366,0.9890000224113464,0.9909999966621399,1.0,0.9909999966621399,0.9940000176429749,0.9929999709129333,0.9929999709129333,0.9110000133514404,0.9229999780654907,0.9480000138282776,0.9459999799728394,0.6859999895095825,0.7210000157356262,0.7929999828338623,0.7329999804496765,0.7620000243186951,0.7639999985694885,0.7730000019073486,0.7760000228881836,0.2750000059604645,0.3529999852180481,0.3100000023841858,0.35199999809265137,0.6060000061988831,0.46799999475479126,0.5199999809265137,0.44600000977516174,0.4339999854564667,0.42800000309944153,0.46000000834465027,0.4569999873638153,0.38199999928474426,0.3889999985694885,0.2759999930858612,0.34200000762939453,0.28299999237060547],[0.38600000739097595,0.3970000147819519,0.3970000147819519,0.22100000083446503,0.671999990940094,0.9670000076293945,0.9739999771118164,0.9750000238418579,0.9879999756813049,0.9879999756813049,0.9879999756813049,0.9879999756813049,0.9909999966621399,0.9909999966621399,0.9909999966621399,1.0,0.9940000176429749,0.9929999709129333,0.9929999709129333,0.9100000262260437,0.9240000247955322,0.9470000267028809,0.9459999799728394,0.6830000281333923,0.7179999947547913,0.7910000085830688,0.7300000190734863,0.7590000033378601,0.7609999775886536,0.7699999809265137,0.7730000019073486,0.27300000190734863,0.35199999809265137,0.30799999833106995,0.3499999940395355,0.6050000190734863,0.4659999907016754,0.5170000195503235,0.4449999928474426,0.4320000112056732,0.4259999990463257,0.4569999873638153,0.45500001311302185,0.38100001215934753,0.3880000114440918,0.2759999930858612,0.34200000762939453,0.28299999237060547],[0.38499999046325684,0.3970000147819519,0.3970000147819519,0.22200000286102295,0.6740000247955322,0.9670000076293945,0.9729999899864197,0.9779999852180481,0.9879999756813049,0.9879999756813049,0.9890000224113464,0.9890000224113464,0.9909999966621399,0.9929999709129333,0.9940000176429749,0.9940000176429749,1.0,0.9959999918937683,0.9959999918937683,0.9120000004768372,0.925000011920929,0.9490000009536743,0.9490000009536743,0.6850000023841858,0.7200000286102295,0.7910000085830688,0.7300000190734863,0.7590000033378601,0.7620000243186951,0.7710000276565552,0.7739999890327454,0.27399998903274536,0.3529999852180481,0.3089999854564667,0.35100001096725464,0.6050000190734863,0.46700000762939453,0.5180000066757202,0.44600000977516174,0.43299999833106995,0.4269999861717224,0.4580000042915344,0.4560000002384186,0.38199999928474426,0.3889999985694885,0.2759999930858612,0.34299999475479126,0.28299999237060547],[0.38499999046325684,0.3970000147819519,0.3970000147819519,0.22200000286102295,0.671999990940094,0.9660000205039978,0.9729999899864197,0.9769999980926514,0.9869999885559082,0.9860000014305115,0.9860000014305115,0.9900000095367432,0.9919999837875366,0.9909999966621399,0.9929999709129333,0.9929999709129333,0.9959999918937683,1.0,0.9959999918937683,0.9110000133514404,0.9229999780654907,0.9480000138282776,0.9490000009536743,0.6840000152587891,0.718999981880188,0.7919999957084656,0.7310000061988831,0.7609999775886536,0.7620000243186951,0.7710000276565552,0.7749999761581421,0.27399998903274536,0.35199999809265137,0.30799999833106995,0.35100001096725464,0.6060000061988831,0.46700000762939453,0.5180000066757202,0.4449999928474426,0.4320000112056732,0.4259999990463257,0.4580000042915344,0.45500001311302185,0.38100001215934753,0.3880000114440918,0.2759999930858612,0.34200000762939453,0.28299999237060547],[0.38600000739097595,0.3970000147819519,0.39800000190734863,0.22200000286102295,0.671999990940094,0.9649999737739563,0.9729999899864197,0.9769999980926514,0.9860000014305115,0.9860000014305115,0.9860000014305115,0.9900000095367432,0.9909999966621399,0.9909999966621399,0.9929999709129333,0.9929999709129333,0.9959999918937683,0.9959999918937683,1.0,0.9110000133514404,0.9229999780654907,0.9490000009536743,0.949999988079071,0.6850000023841858,0.718999981880188,0.7919999957084656,0.7300000190734863,0.7599999904632568,0.7620000243186951,0.7699999809265137,0.7739999890327454,0.27300000190734863,0.35199999809265137,0.30799999833106995,0.35100001096725464,0.6060000061988831,0.46700000762939453,0.5180000066757202,0.44600000977516174,0.4320000112056732,0.4259999990463257,0.4580000042915344,0.45500001311302185,0.38100001215934753,0.3880000114440918,0.2759999930858612,0.34200000762939453,0.28299999237060547],[0.39500001072883606,0.4230000078678131,0.42399999499320984,0.1809999942779541,0.6600000262260437,0.9020000100135803,0.9110000133514404,0.902999997138977,0.9079999923706055,0.9079999923706055,0.9100000262260437,0.9100000262260437,0.9079999923706055,0.9129999876022339,0.9110000133514404,0.9100000262260437,0.9120000004768372,0.9110000133514404,0.9110000133514404,1.0,0.9570000171661377,0.9549999833106995,0.9580000042915344,0.6349999904632568,0.6700000166893005,0.7329999804496765,0.6830000281333923,0.7020000219345093,0.703000009059906,0.7110000252723694,0.7129999995231628,0.23899999260902405,0.30300000309944153,0.2709999978542328,0.3009999990463257,0.5640000104904175,0.4230000078678131,0.4620000123977661,0.41200000047683716,0.43799999356269836,0.4320000112056732,0.42500001192092896,0.4309999942779541,0.3869999945163727,0.39500001072883606,0.2809999883174896,0.3160000145435333,0.2770000100135803],[0.38600000739097595,0.41999998688697815,0.42100000381469727,0.18199999630451202,0.6779999732971191,0.9160000085830688,0.9380000233650208,0.9089999794960022,0.9290000200271606,0.9300000071525574,0.9309999942779541,0.9210000038146973,0.9269999861717224,0.9279999732971191,0.9229999780654907,0.9240000247955322,0.925000011920929,0.9229999780654907,0.9229999780654907,0.9570000171661377,1.0,0.9700000286102295,0.9710000157356262,0.6499999761581421,0.6869999766349792,0.7400000095367432,0.6850000023841858,0.7089999914169312,0.7170000076293945,0.7239999771118164,0.7269999980926514,0.24300000071525574,0.31700000166893005,0.2759999930858612,0.31200000643730164,0.5619999766349792,0.42800000309944153,0.4749999940395355,0.4259999990463257,0.45399999618530273,0.4490000009536743,0.4399999976158142,0.44600000977516174,0.40400001406669617,0.41100001335144043,0.29499998688697815,0.3310000002384186,0.2919999957084656],[0.3889999985694885,0.41600000858306885,0.41600000858306885,0.1940000057220459,0.6650000214576721,0.921999990940094,0.9300000071525574,0.9340000152587891,0.9419999718666077,0.9419999718666077,0.9430000185966492,0.9430000185966492,0.9449999928474426,0.9470000267028809,0.9480000138282776,0.9470000267028809,0.9490000009536743,0.9480000138282776,0.9490000009536743,0.9549999833106995,0.9700000286102295,1.0,0.9940000176429749,0.6499999761581421,0.6830000281333923,0.7549999952316284,0.6949999928474426,0.7239999771118164,0.7260000109672546,0.7350000143051147,0.7369999885559082,0.25200000405311584,0.3240000009536743,0.2840000092983246,0.3179999887943268,0.5720000267028809,0.43299999833106995,0.48399999737739563,0.43299999833106995,0.44999998807907104,0.4440000057220459,0.4480000138282776,0.453000009059906,0.3970000147819519,0.4050000011920929,0.2879999876022339,0.3269999921321869,0.28600001335144043],[0.38999998569488525,0.41600000858306885,0.4169999957084656,0.19300000369548798,0.6650000214576721,0.9190000295639038,0.9279999732971191,0.9309999942779541,0.9399999976158142,0.9399999976158142,0.9409999847412109,0.9440000057220459,0.9440000057220459,0.9440000057220459,0.9459999799728394,0.9459999799728394,0.9490000009536743,0.9490000009536743,0.949999988079071,0.9580000042915344,0.9710000157356262,0.9940000176429749,1.0,0.6480000019073486,0.6819999814033508,0.7549999952316284,0.6949999928474426,0.7239999771118164,0.7250000238418579,0.734000027179718,0.7369999885559082,0.25,0.3230000138282776,0.28299999237060547,0.31700000166893005,0.5709999799728394,0.4309999942779541,0.48399999737739563,0.43299999833106995,0.45100000500679016,0.4449999928474426,0.44699999690055847,0.4519999921321869,0.39800000190734863,0.4050000011920929,0.289000004529953,0.3269999921321869,0.28600001335144043],[0.25600001215934753,0.25099998712539673,0.25,0.328000009059906,0.6129999756813049,0.6690000295639038,0.6840000152587891,0.6800000071525574,0.6779999732971191,0.6790000200271606,0.6800000071525574,0.6840000152587891,0.6850000023841858,0.6819999814033508,0.6859999895095825,0.6830000281333923,0.6850000023841858,0.6840000152587891,0.6850000023841858,0.6349999904632568,0.6499999761581421,0.6499999761581421,0.6480000019073486,1.0,0.8859999775886536,0.7680000066757202,0.7829999923706055,0.8519999980926514,0.8399999737739563,0.8579999804496765,0.8519999980926514,0.37299999594688416,0.4779999852180481,0.4090000092983246,0.47600001096725464,0.8090000152587891,0.722000002861023,0.6230000257492065,0.5619999766349792,0.5709999799728394,0.5600000023841858,0.5920000076293945,0.5839999914169312,0.48500001430511475,0.4830000102519989,0.3400000035762787,0.375,0.33399999141693115],[0.27399998903274536,0.26499998569488525,0.26499998569488525,0.3440000116825104,0.6629999876022339,0.7039999961853027,0.718999981880188,0.7160000205039978,0.7139999866485596,0.7139999866485596,0.7149999737739563,0.718999981880188,0.7200000286102295,0.7170000076293945,0.7210000157356262,0.7179999947547913,0.7200000286102295,0.718999981880188,0.718999981880188,0.6700000166893005,0.6869999766349792,0.6830000281333923,0.6819999814033508,0.8859999775886536,1.0,0.8209999799728394,0.8399999737739563,0.8820000290870667,0.8989999890327454,0.902999997138977,0.8980000019073486,0.39100000262260437,0.5019999742507935,0.42800000309944153,0.5,0.7639999985694885,0.6690000295639038,0.6759999990463257,0.5899999737739563,0.5989999771118164,0.5870000123977661,0.6209999918937683,0.6110000014305115,0.5099999904632568,0.5070000290870667,0.3580000102519989,0.39399999380111694,0.35100001096725464],[0.3580000102519989,0.3319999873638153,0.3319999873638153,0.3050000071525574,0.6769999861717224,0.7699999809265137,0.777999997138977,0.7900000214576721,0.7870000004768372,0.7870000004768372,0.7870000004768372,0.7919999957084656,0.7879999876022339,0.7879999876022339,0.7929999828338623,0.7910000085830688,0.7910000085830688,0.7919999957084656,0.7919999957084656,0.7329999804496765,0.7400000095367432,0.7549999952316284,0.7549999952316284,0.7680000066757202,0.8209999799728394,1.0,0.8460000157356262,0.878000020980835,0.8939999938011169,0.8840000033378601,0.8849999904632568,0.335999995470047,0.4350000023841858,0.3790000081062317,0.4269999861717224,0.6949999928474426,0.5619999766349792,0.6029999852180481,0.5099999904632568,0.5040000081062317,0.49399998784065247,0.5320000052452087,0.5270000100135803,0.42899999022483826,0.4309999942779541,0.30399999022483826,0.34599998593330383,0.3059999942779541],[0.35100001096725464,0.328000009059906,0.328000009059906,0.3440000116825104,0.6700000166893005,0.7379999756813049,0.7170000076293945,0.7300000190734863,0.7239999771118164,0.7250000238418579,0.7250000238418579,0.7310000061988831,0.7319999933242798,0.7279999852180481,0.7329999804496765,0.7300000190734863,0.7300000190734863,0.7310000061988831,0.7300000190734863,0.6830000281333923,0.6850000023841858,0.6949999928474426,0.6949999928474426,0.7829999923706055,0.8399999737739563,0.8460000157356262,1.0,0.8840000033378601,0.9079999923706055,0.8970000147819519,0.8989999890327454,0.38600000739097595,0.44600000977516174,0.414000004529953,0.44999998807907104,0.7009999752044678,0.5740000009536743,0.6119999885559082,0.5070000290870667,0.49799999594688416,0.48899999260902405,0.527999997138977,0.5230000019073486,0.4230000078678131,0.42500001192092896,0.2939999997615814,0.33000001311302185,0.2849999964237213],[0.3370000123977661,0.3059999942779541,0.3059999942779541,0.328000009059906,0.6859999895095825,0.7390000224113464,0.746999979019165,0.7559999823570251,0.7549999952316284,0.7549999952316284,0.7549999952316284,0.7620000243186951,0.7570000290870667,0.7570000290870667,0.7620000243186951,0.7590000033378601,0.7590000033378601,0.7609999775886536,0.7599999904632568,0.7020000219345093,0.7089999914169312,0.7239999771118164,0.7239999771118164,0.8519999980926514,0.8820000290870667,0.878000020980835,0.8840000033378601,1.0,0.9490000009536743,0.9610000252723694,0.9589999914169312,0.36800000071525574,0.46799999475479126,0.40299999713897705,0.46700000762939453,0.7860000133514404,0.6449999809265137,0.6480000019073486,0.5419999957084656,0.5350000262260437,0.5249999761581421,0.5659999847412109,0.5600000023841858,0.4580000042915344,0.45899999141693115,0.3240000009536743,0.3630000054836273,0.3179999887943268],[0.335999995470047,0.3059999942779541,0.3059999942779541,0.33500000834465027,0.703000009059906,0.746999979019165,0.7509999871253967,0.7609999775886536,0.7570000290870667,0.7580000162124634,0.7580000162124634,0.7620000243186951,0.7630000114440918,0.7599999904632568,0.7639999985694885,0.7609999775886536,0.7620000243186951,0.7620000243186951,0.7620000243186951,0.703000009059906,0.7170000076293945,0.7260000109672546,0.7250000238418579,0.8399999737739563,0.8989999890327454,0.8939999938011169,0.9079999923706055,0.9490000009536743,1.0,0.9660000205039978,0.9620000123977661,0.37700000405311584,0.48100000619888306,0.4169999957084656,0.47699999809265137,0.7599999904632568,0.6330000162124634,0.6610000133514404,0.5519999861717224,0.5460000038146973,0.5370000004768372,0.5770000219345093,0.5720000267028809,0.46700000762939453,0.46799999475479126,0.3319999873638153,0.36899998784065247,0.3240000009536743],[0.32899999618530273,0.31299999356269836,0.31299999356269836,0.3370000123977661,0.6930000185966492,0.7540000081062317,0.7570000290870667,0.7680000066757202,0.7649999856948853,0.7649999856948853,0.765999972820282,0.7699999809265137,0.7710000276565552,0.7680000066757202,0.7730000019073486,0.7699999809265137,0.7710000276565552,0.7710000276565552,0.7699999809265137,0.7110000252723694,0.7239999771118164,0.7350000143051147,0.734000027179718,0.8579999804496765,0.902999997138977,0.8840000033378601,0.8970000147819519,0.9610000252723694,0.9660000205039978,1.0,0.9829999804496765,0.37400001287460327,0.4749999940395355,0.41100001335144043,0.47600001096725464,0.7799999713897705,0.6439999938011169,0.6579999923706055,0.5490000247955322,0.5440000295639038,0.5339999794960022,0.574999988079071,0.5699999928474426,0.46399998664855957,0.4659999907016754,0.328000009059906,0.36800000071525574,0.32199999690055847],[0.328000009059906,0.3149999976158142,0.3149999976158142,0.33399999141693115,0.6970000267028809,0.7580000162124634,0.7609999775886536,0.7710000276565552,0.7680000066757202,0.7680000066757202,0.7689999938011169,0.7739999890327454,0.7749999761581421,0.7710000276565552,0.7760000228881836,0.7730000019073486,0.7739999890327454,0.7749999761581421,0.7739999890327454,0.7129999995231628,0.7269999980926514,0.7369999885559082,0.7369999885559082,0.8519999980926514,0.8980000019073486,0.8849999904632568,0.8989999890327454,0.9589999914169312,0.9620000123977661,0.9829999804496765,1.0,0.37299999594688416,0.47600001096725464,0.4129999876022339,0.47600001096725464,0.7739999890327454,0.6380000114440918,0.6600000262260437,0.5529999732971191,0.5450000166893005,0.5350000262260437,0.5770000219345093,0.5720000267028809,0.4659999907016754,0.46799999475479126,0.33000001311302185,0.3700000047683716,0.3230000138282776],[0.017000000923871994,0.004999999888241291,0.004999999888241291,0.39500001072883606,0.24899999797344208,0.2770000100135803,0.26499998569488525,0.27399998903274536,0.2709999978542328,0.2709999978542328,0.2720000147819519,0.27399998903274536,0.27399998903274536,0.27300000190734863,0.2750000059604645,0.27300000190734863,0.27399998903274536,0.27399998903274536,0.27300000190734863,0.23899999260902405,0.24300000071525574,0.25200000405311584,0.25,0.37299999594688416,0.39100000262260437,0.335999995470047,0.38600000739097595,0.36800000071525574,0.37700000405311584,0.37400001287460327,0.37299999594688416,1.0,0.7080000042915344,0.7059999704360962,0.5120000243186951,0.38199999928474426,0.4729999899864197,0.5109999775886536,0.5440000295639038,0.5210000276565552,0.5149999856948853,0.550000011920929,0.5379999876022339,0.460999995470047,0.4569999873638153,0.3700000047683716,0.35199999809265137,0.3700000047683716],[0.014999999664723873,0.0020000000949949026,0.0010000000474974513,0.3840000033378601,0.335999995470047,0.33799999952316284,0.34299999475479126,0.3529999852180481,0.3499999940395355,0.3499999940395355,0.35100001096725464,0.35199999809265137,0.3529999852180481,0.35100001096725464,0.3529999852180481,0.35199999809265137,0.3529999852180481,0.35199999809265137,0.35199999809265137,0.30300000309944153,0.31700000166893005,0.3240000009536743,0.3230000138282776,0.4779999852180481,0.5019999742507935,0.4350000023841858,0.44600000977516174,0.46799999475479126,0.48100000619888306,0.4749999940395355,0.47600001096725464,0.7080000042915344,1.0,0.7670000195503235,0.6050000190734863,0.49000000953674316,0.6110000014305115,0.6420000195503235,0.6949999928474426,0.6629999876022339,0.652999997138977,0.703000009059906,0.6890000104904175,0.5950000286102295,0.593999981880188,0.45399999618530273,0.47600001096725464,0.4699999988079071],[0.014000000432133675,0.004999999888241291,0.004000000189989805,0.375,0.28999999165534973,0.31200000643730164,0.30000001192092896,0.30799999833106995,0.3059999942779541,0.3059999942779541,0.3070000112056732,0.30799999833106995,0.3089999854564667,0.30799999833106995,0.3100000023841858,0.30799999833106995,0.3089999854564667,0.30799999833106995,0.30799999833106995,0.2709999978542328,0.2759999930858612,0.2840000092983246,0.28299999237060547,0.4090000092983246,0.42800000309944153,0.3790000081062317,0.414000004529953,0.40299999713897705,0.4169999957084656,0.41100001335144043,0.4129999876022339,0.7059999704360962,0.7670000195503235,1.0,0.527999997138977,0.42100000381469727,0.5220000147819519,0.5770000219345093,0.5889999866485596,0.5720000267028809,0.5609999895095825,0.6010000109672546,0.5899999737739563,0.5099999904632568,0.5080000162124634,0.3930000066757202,0.40299999713897705,0.4059999883174896],[0.014000000432133675,0.0020000000949949026,0.0010000000474974513,0.5249999761581421,0.32499998807907104,0.33500000834465027,0.3440000116825104,0.3499999940395355,0.34700000286102295,0.34700000286102295,0.3479999899864197,0.35100001096725464,0.35199999809265137,0.3490000069141388,0.35199999809265137,0.3499999940395355,0.35100001096725464,0.35100001096725464,0.35100001096725464,0.3009999990463257,0.31200000643730164,0.3179999887943268,0.31700000166893005,0.47600001096725464,0.5,0.4269999861717224,0.44999998807907104,0.46700000762939453,0.47699999809265137,0.47600001096725464,0.47600001096725464,0.5120000243186951,0.6050000190734863,0.527999997138977,1.0,0.4880000054836273,0.6079999804496765,0.5960000157356262,0.628000020980835,0.609000027179718,0.6010000109672546,0.6420000195503235,0.6269999742507935,0.531000018119812,0.5350000262260437,0.41499999165534973,0.4740000069141388,0.42100000381469727],[0.20100000500679016,0.18199999630451202,0.18199999630451202,0.33899998664855957,0.5230000019073486,0.5860000252723694,0.6029999852180481,0.6010000109672546,0.6010000109672546,0.6010000109672546,0.6000000238418579,0.6079999804496765,0.6029999852180481,0.6019999980926514,0.6060000061988831,0.6050000190734863,0.6050000190734863,0.6060000061988831,0.6060000061988831,0.5640000104904175,0.5619999766349792,0.5720000267028809,0.5709999799728394,0.8090000152587891,0.7639999985694885,0.6949999928474426,0.7009999752044678,0.7860000133514404,0.7599999904632568,0.7799999713897705,0.7739999890327454,0.38199999928474426,0.49000000953674316,0.42100000381469727,0.4880000054836273,1.0,0.7900000214576721,0.6690000295639038,0.5759999752044678,0.5830000042915344,0.5720000267028809,0.6060000061988831,0.6019999980926514,0.4959999918937683,0.49399998784065247,0.3479999899864197,0.3840000033378601,0.3409999907016754],[0.05299999937415123,0.03500000014901161,0.03400000184774399,0.4169999957084656,0.3959999978542328,0.45100000500679016,0.4650000035762787,0.46299999952316284,0.460999995470047,0.46299999952316284,0.4620000123977661,0.4690000116825104,0.46799999475479126,0.46399998664855957,0.46799999475479126,0.4659999907016754,0.46700000762939453,0.46700000762939453,0.46700000762939453,0.4230000078678131,0.42800000309944153,0.43299999833106995,0.4309999942779541,0.722000002861023,0.6690000295639038,0.5619999766349792,0.5740000009536743,0.6449999809265137,0.6330000162124634,0.6439999938011169,0.6380000114440918,0.4729999899864197,0.6110000014305115,0.5220000147819519,0.6079999804496765,0.7900000214576721,1.0,0.7129999995231628,0.718999981880188,0.7300000190734863,0.7170000076293945,0.7559999823570251,0.7450000047683716,0.6209999918937683,0.6179999709129333,0.4359999895095825,0.47999998927116394,0.4269999861717224],[0.0820000022649765,0.06599999964237213,0.06499999761581421,0.4009999930858612,0.46299999952316284,0.5009999871253967,0.5059999823570251,0.5170000195503235,0.5120000243186951,0.5139999985694885,0.5139999985694885,0.5199999809265137,0.5189999938011169,0.5149999856948853,0.5199999809265137,0.5170000195503235,0.5180000066757202,0.5180000066757202,0.5180000066757202,0.4620000123977661,0.4749999940395355,0.48399999737739563,0.48399999737739563,0.6230000257492065,0.6759999990463257,0.6029999852180481,0.6119999885559082,0.6480000019073486,0.6610000133514404,0.6579999923706055,0.6600000262260437,0.5109999775886536,0.6420000195503235,0.5770000219345093,0.5960000157356262,0.6690000295639038,0.7129999995231628,1.0,0.7250000238418579,0.7110000252723694,0.7009999752044678,0.7480000257492065,0.7369999885559082,0.6209999918937683,0.6209999918937683,0.453000009059906,0.5090000033378601,0.4399999976158142],[0.013000000268220901,0.0020000000949949026,0.0010000000474974513,0.4009999930858612,0.3869999945163727,0.4300000071525574,0.4359999895095825,0.4440000057220459,0.4410000145435333,0.44200000166893005,0.44200000166893005,0.4449999928474426,0.44600000977516174,0.4440000057220459,0.44600000977516174,0.4449999928474426,0.44600000977516174,0.4449999928474426,0.44600000977516174,0.41200000047683716,0.4259999990463257,0.43299999833106995,0.43299999833106995,0.5619999766349792,0.5899999737739563,0.5099999904632568,0.5070000290870667,0.5419999957084656,0.5519999861717224,0.5490000247955322,0.5529999732971191,0.5440000295639038,0.6949999928474426,0.5889999866485596,0.628000020980835,0.5759999752044678,0.718999981880188,0.7250000238418579,1.0,0.8920000195503235,0.8859999775886536,0.9369999766349792,0.9190000295639038,0.7889999747276306,0.7979999780654907,0.5720000267028809,0.5709999799728394,0.5690000057220459],[0.0020000000949949026,0.0010000000474974513,0.0010000000474974513,0.3840000033378601,0.38600000739097595,0.41600000858306885,0.4320000112056732,0.42899999022483826,0.42800000309944153,0.42899999022483826,0.42899999022483826,0.4320000112056732,0.43299999833106995,0.4309999942779541,0.4339999854564667,0.4320000112056732,0.43299999833106995,0.4320000112056732,0.4320000112056732,0.43799999356269836,0.45399999618530273,0.44999998807907104,0.45100000500679016,0.5709999799728394,0.5989999771118164,0.5040000081062317,0.49799999594688416,0.5350000262260437,0.5460000038146973,0.5440000295639038,0.5450000166893005,0.5210000276565552,0.6629999876022339,0.5720000267028809,0.609000027179718,0.5830000042915344,0.7300000190734863,0.7110000252723694,0.8920000195503235,1.0,0.9789999723434448,0.9380000233650208,0.9399999976158142,0.8489999771118164,0.8379999995231628,0.5960000157356262,0.5630000233650208,0.5619999766349792],[0.0020000000949949026,0.0010000000474974513,0.0010000000474974513,0.37299999594688416,0.38999998569488525,0.41100001335144043,0.4269999861717224,0.42399999499320984,0.4230000078678131,0.4230000078678131,0.42399999499320984,0.4259999990463257,0.4269999861717224,0.4259999990463257,0.42800000309944153,0.4259999990463257,0.4269999861717224,0.4259999990463257,0.4259999990463257,0.4320000112056732,0.4490000009536743,0.4440000057220459,0.4449999928474426,0.5600000023841858,0.5870000123977661,0.49399998784065247,0.48899999260902405,0.5249999761581421,0.5370000004768372,0.5339999794960022,0.5350000262260437,0.5149999856948853,0.652999997138977,0.5609999895095825,0.6010000109672546,0.5720000267028809,0.7170000076293945,0.7009999752044678,0.8859999775886536,0.9789999723434448,1.0,0.921999990940094,0.9259999990463257,0.8640000224113464,0.8489999771118164,0.6060000061988831,0.5720000267028809,0.5720000267028809],[0.013000000268220901,0.0020000000949949026,0.0010000000474974513,0.4180000126361847,0.38999998569488525,0.4410000145435333,0.4480000138282776,0.4560000002384186,0.453000009059906,0.453000009059906,0.45399999618530273,0.4580000042915344,0.4580000042915344,0.4560000002384186,0.46000000834465027,0.4569999873638153,0.4580000042915344,0.4580000042915344,0.4580000042915344,0.42500001192092896,0.4399999976158142,0.4480000138282776,0.44699999690055847,0.5920000076293945,0.6209999918937683,0.5320000052452087,0.527999997138977,0.5659999847412109,0.57700002193450