{"labels":[{"exchange":"EX_btn_e","name":"Biotin"},{"exchange":"EX_4abz_e","name":"4-Aminobenzoate"},{"exchange":"EX_thymd_e","name":"Thymidine C10H14N2O5"},{"exchange":"EX_uri_e","name":"Uridine"},{"exchange":"EX_ins_e","name":"Inosine"},{"exchange":"EX_gsn_e","name":"Guanosine"},{"exchange":"EX_adn_e","name":"Adenosine"},{"exchange":"EX_cytd_e","name":"Cytidine"},{"exchange":"EX_asn__L_e","name":"L-Asparagine"},{"exchange":"EX_gln__L_e","name":"L-Glutamine"},{"exchange":"EX_ascb__L_e","name":"L-Ascorbate"},{"exchange":"EX_cbl1_e","name":"Cob(I)alamin"},{"exchange":"EX_asp__L_e","name":"L-Aspartate"},{"exchange":"EX_trp__L_e","name":"L-Tryptophan"},{"exchange":"EX_glu__L_e","name":"L-Glutamate"},{"exchange":"EX_pro__L_e","name":"L-Proline"},{"exchange":"EX_gly_e","name":"Glycine"},{"exchange":"EX_ala__L_e","name":"L-Alanine"},{"exchange":"EX_met__L_e","name":"L-Methionine"},{"exchange":"EX_lys__L_e","name":"L-Lysine"},{"exchange":"EX_tyr__L_e","name":"L-Tyrosine"},{"exchange":"EX_ile__L_e","name":"L-Isoleucine"},{"exchange":"EX_leu__L_e","name":"L-Leucine"},{"exchange":"EX_thr__L_e","name":"L-Threonine"},{"exchange":"EX_his__L_e","name":"L-Histidine"},{"exchange":"EX_arg__L_e","name":"L-Arginine"},{"exchange":"EX_cys__L_e","name":"L-Cysteine"},{"exchange":"EX_ser__L_e","name":"L-Serine"},{"exchange":"EX_phe__L_e","name":"L-Phenylalanine"},{"exchange":"EX_val__L_e","name":"L-Valine"},{"exchange":"EX_fol_e","name":"Folate"},{"exchange":"EX_pnto__R_e","name":"(R)-Pantothenate"},{"exchange":"EX_pydxn_e","name":"Pyridoxine"},{"exchange":"EX_thm_e","name":"Thiamin"},{"exchange":"EX_ribflv_e","name":"Riboflavin C17H20N4O6"},{"exchange":"EX_nh4_e","name":"Ammonium"},{"exchange":"EX_fe3_e","name":"Iron (Fe3+)"},{"exchange":"EX_slnt_e","name":"Selenite"},{"exchange":"EX_ttdca_e","name":"Tetradecanoate (n-C14:0)"},{"exchange":"EX_ocdca_e","name":"Octadecanoate (n-C18:0)"},{"exchange":"EX_ocdcea_e","name":"Octadecenoate (n-C18:1)"},{"exchange":"EX_hdca_e","name":"Hexadecanoate (n-C16:0)"},{"exchange":"EX_phllqne_e","name":"Vitamin K (phylloquinone)"},{"exchange":"EX_avite1_e","name":"Alpha-Tocopherol"},{"exchange":"EX_chol_e","name":"Choline C5H14NO"},{"exchange":"EX_ddca_e","name":"Dodecanoate (n-C12:0)"},{"exchange":"EX_choles_e","name":"Cholesterol"},{"exchange":"EX_arachd_e","name":"Arachidonic acid"}],"matrix":[[1.0,0.921999990940094,0.9160000085830688,0.9150000214576721,0.9179999828338623,0.9169999957084656,0.9169999957084656,0.9169999957084656,0.8999999761581421,0.9020000100135803,0.024000000208616257,0.4169999957084656,0.39100000262260437,0.38600000739097595,0.38499999046325684,0.38499999046325684,0.3840000033378601,0.3840000033378601,0.38100001215934753,0.3799999952316284,0.382999986410141,0.38199999928474426,0.38199999928474426,0.38199999928474426,0.38199999928474426,0.38199999928474426,0.39100000262260437,0.38600000739097595,0.38499999046325684,0.3840000033378601,0.3370000123977661,0.33899998664855957,0.31700000166893005,0.3149999976158142,0.3160000145435333,0.17900000512599945,0.03999999910593033,0.07199999690055847,0.0010000000474974513,0.0020000000949949026,0.0010000000474974513,0.0020000000949949026,0.0020000000949949026,0.01600000075995922,0.014999999664723873,0.0010000000474974513,0.008999999612569809,0.004999999888241291],[0.921999990940094,1.0,0.9909999966621399,0.9909999966621399,0.9919999837875366,0.9929999709129333,0.9919999837875366,0.9919999837875366,0.9629999995231628,0.9710000157356262,0.004999999888241291,0.42899999022483826,0.3779999911785126,0.3709999918937683,0.3709999918937683,0.3720000088214874,0.3720000088214874,0.3720000088214874,0.36800000071525574,0.36800000071525574,0.3709999918937683,0.36899998784065247,0.36899998784065247,0.36899998784065247,0.36899998784065247,0.36899998784065247,0.4000000059604645,0.3959999978542328,0.39100000262260437,0.3919999897480011,0.3230000138282776,0.3479999899864197,0.3009999990463257,0.3149999976158142,0.31700000166893005,0.15600000321865082,0.019999999552965164,0.07000000029802322,0.0,0.0010000000474974513,0.0010000000474974513,0.0,0.0010000000474974513,0.0010000000474974513,0.0020000000949949026,0.0,0.0,0.0010000000474974513],[0.9160000085830688,0.9909999966621399,1.0,0.9950000047683716,0.9959999918937683,0.996999979019165,0.996999979019165,0.996999979019165,0.9649999737739563,0.9729999899864197,0.004999999888241291,0.4300000071525574,0.3779999911785126,0.3720000088214874,0.3709999918937683,0.3720000088214874,0.3720000088214874,0.3720000088214874,0.36899998784065247,0.36800000071525574,0.3709999918937683,0.36899998784065247,0.36899998784065247,0.36899998784065247,0.3700000047683716,0.3700000047683716,0.4000000059604645,0.3959999978542328,0.3919999897480011,0.3930000066757202,0.32199999690055847,0.3490000069141388,0.3009999990463257,0.3149999976158142,0.31700000166893005,0.15600000321865082,0.01899999938905239,0.07000000029802322,0.0,0.0010000000474974513,0.0010000000474974513,0.0010000000474974513,0.0010000000474974513,0.0010000000474974513,0.0020000000949949026,0.0,0.0,0.0010000000474974513],[0.9150000214576721,0.9909999966621399,0.9950000047683716,1.0,0.9959999918937683,0.9980000257492065,0.9980000257492065,0.9980000257492065,0.9660000205039978,0.9739999771118164,0.004999999888241291,0.4300000071525574,0.3790000081062317,0.3720000088214874,0.3720000088214874,0.37299999594688416,0.3720000088214874,0.3720000088214874,0.36899998784065247,0.36899998784065247,0.3709999918937683,0.36899998784065247,0.3700000047683716,0.3700000047683716,0.3700000047683716,0.3700000047683716,0.4000000059604645,0.3970000147819519,0.3919999897480011,0.3930000066757202,0.32199999690055847,0.3490000069141388,0.3009999990463257,0.3149999976158142,0.3160000145435333,0.1550000011920929,0.01899999938905239,0.07000000029802322,0.0,0.0010000000474974513,0.0010000000474974513,0.0010000000474974513,0.0010000000474974513,0.0010000000474974513,0.0020000000949949026,0.0,0.0,0.0010000000474974513],[0.9179999828338623,0.9919999837875366,0.9959999918937683,0.9959999918937683,1.0,0.9980000257492065,0.9980000257492065,0.9980000257492065,0.9679999947547913,0.9760000109672546,0.004999999888241291,0.4300000071525574,0.3790000081062317,0.3720000088214874,0.3720000088214874,0.37299999594688416,0.37299999594688416,0.3720000088214874,0.36899998784065247,0.36899998784065247,0.3720000088214874,0.3700000047683716,0.3700000047683716,0.3700000047683716,0.3700000047683716,0.3700000047683716,0.4009999930858612,0.3970000147819519,0.3919999897480011,0.3930000066757202,0.3230000138282776,0.3490000069141388,0.3009999990463257,0.3149999976158142,0.31700000166893005,0.15600000321865082,0.01899999938905239,0.07000000029802322,0.0,0.0010000000474974513,0.0010000000474974513,0.0010000000474974513,0.0010000000474974513,0.0010000000474974513,0.003000000026077032,0.0,0.0,0.0010000000474974513],[0.9169999957084656,0.9929999709129333,0.996999979019165,0.9980000257492065,0.9980000257492065,1.0,0.9990000128746033,1.0,0.9670000076293945,0.9750000238418579,0.004999999888241291,0.4300000071525574,0.3790000081062317,0.3720000088214874,0.3720000088214874,0.3720000088214874,0.3720000088214874,0.3720000088214874,0.36800000071525574,0.36800000071525574,0.3709999918937683,0.36899998784065247,0.36899998784065247,0.3700000047683716,0.3700000047683716,0.3700000047683716,0.4000000059604645,0.3970000147819519,0.3919999897480011,0.3930000066757202,0.32199999690055847,0.3490000069141388,0.3009999990463257,0.3149999976158142,0.31700000166893005,0.1550000011920929,0.01899999938905239,0.07000000029802322,0.0,0.0010000000474974513,0.0010000000474974513,0.0010000000474974513,0.0010000000474974513,0.0010000000474974513,0.0020000000949949026,0.0,0.0,0.0010000000474974513],[0.9169999957084656,0.9919999837875366,0.996999979019165,0.9980000257492065,0.9980000257492065,0.9990000128746033,1.0,1.0,0.9670000076293945,0.9750000238418579,0.004999999888241291,0.4300000071525574,0.3790000081062317,0.3720000088214874,0.3720000088214874,0.37299999594688416,0.3720000088214874,0.3720000088214874,0.36899998784065247,0.36899998784065247,0.3709999918937683,0.36899998784065247,0.3700000047683716,0.3700000047683716,0.3700000047683716,0.3700000047683716,0.4000000059604645,0.3970000147819519,0.3919999897480011,0.3930000066757202,0.32199999690055847,0.3490000069141388,0.3009999990463257,0.3149999976158142,0.31700000166893005,0.1550000011920929,0.01899999938905239,0.07000000029802322,0.0,0.0010000000474974513,0.0010000000474974513,0.0010000000474974513,0.0010000000474974513,0.0010000000474974513,0.0020000000949949026,0.0,0.0,0.0010000000474974513],[0.9169999957084656,0.9919999837875366,0.996999979019165,0.9980000257492065,0.9980000257492065,1.0,1.0,1.0,0.9670000076293945,0.9750000238418579,0.004999999888241291,0.4300000071525574,0.3790000081062317,0.3720000088214874,0.3720000088214874,0.37299999594688416,0.3720000088214874,0.3720000088214874,0.36899998784065247,0.36899998784065247,0.3709999918937683,0.36899998784065247,0.3700000047683716,0.3700000047683716,0.3700000047683716,0.3700000047683716,0.4000000059604645,0.3970000147819519,0.3919999897480011,0.3930000066757202,0.32199999690055847,0.3490000069141388,0.3009999990463257,0.3149999976158142,0.31700000166893005,0.1550000011920929,0.01899999938905239,0.07000000029802322,0.0,0.0010000000474974513,0.0010000000474974513,0.0010000000474974513,0.0010000000474974513,0.0010000000474974513,0.0020000000949949026,0.0,0.0,0.0010000000474974513],[0.8999999761581421,0.9629999995231628,0.9649999737739563,0.9660000205039978,0.9679999947547913,0.9670000076293945,0.9670000076293945,0.9670000076293945,1.0,0.9890000224113464,0.00800000037997961,0.42500001192092896,0.38999998569488525,0.38100001215934753,0.38100001215934753,0.3840000033378601,0.382999986410141,0.382999986410141,0.3790000081062317,0.3790000081062317,0.38199999928474426,0.3799999952316284,0.3799999952316284,0.38100001215934753,0.38100001215934753,0.38100001215934753,0.40700000524520874,0.4009999930858612,0.4009999930858612,0.4000000059604645,0.3240000009536743,0.3449999988079071,0.3009999990463257,0.3149999976158142,0.3190000057220459,0.16300000250339508,0.027000000700354576,0.07000000029802322,0.0,0.0010000000474974513,0.0010000000474974513,0.0010000000474974513,0.0010000000474974513,0.003000000026077032,0.006000000052154064,0.0,0.0010000000474974513,0.0010000000474974513],[0.9020000100135803,0.9710000157356262,0.9729999899864197,0.9739999771118164,0.9760000109672546,0.9750000238418579,0.9750000238418579,0.9750000238418579,0.9890000224113464,1.0,0.004999999888241291,0.4259999990463257,0.3869999945163727,0.3779999911785126,0.3790000081062317,0.38100001215934753,0.38100001215934753,0.3799999952316284,0.37700000405311584,0.37700000405311584,0.3799999952316284,0.3779999911785126,0.3779999911785126,0.3779999911785126,0.3779999911785126,0.3779999911785126,0.40799999237060547,0.40299999713897705,0.4009999930858612,0.4020000100135803,0.32100000977516174,0.34599998593330383,0.29899999499320984,0.3160000145435333,0.3199999928474426,0.16099999845027924,0.024000000208616257,0.07000000029802322,0.0,0.0010000000474974513,0.0010000000474974513,0.0010000000474974513,0.0010000000474974513,0.0010000000474974513,0.003000000026077032,0.0,0.0,0.0010000000474974513],[0.024000000208616257,0.004999999888241291,0.004999999888241291,0.004999999888241291,0.004999999888241291,0.004999999888241291,0.004999999888241291,0.004999999888241291,0.00800000037997961,0.004999999888241291,1.0,0.14800000190734863,0.2280000001192093,0.2280000001192093,0.2240000069141388,0.22300000488758087,0.2240000069141388,0.2240000069141388,0.23000000417232513,0.23199999332427979,0.22599999606609344,0.2290000021457672,0.23000000417232513,0.2290000021457672,0.2290000021457672,0.2280000001192093,0.18700000643730164,0.18700000643730164,0.1940000057220459,0.19200000166893005,0.3529999852180481,0.27300000190734863,0.3449999988079071,0.3019999861717224,0.3019999861717224,0.3700000047683716,0.4440000057220459,0.35199999809265137,0.2980000078678131,0.37400001287460327,0.382999986410141,0.38499999046325684,0.3409999907016754,0.38499999046325684,0.37700000405311584,0.2370000034570694,0.22499999403953552,0.14499999582767487],[0.4169999957084656,0.42899999022483826,0.4300000071525574,0.4300000071525574,0.4300000071525574,0.4300000071525574,0.4300000071525574,0.4300000071525574,0.42500001192092896,0.4259999990463257,0.14800000190734863,1.0,0.6430000066757202,0.6570000052452087,0.6600000262260437,0.6600000262260437,0.6600000262260437,0.6589999794960022,0.6549999713897705,0.6549999713897705,0.6589999794960022,0.656000018119812,0.656000018119812,0.6570000052452087,0.656000018119812,0.656000018119812,0.6850000023841858,0.6990000009536743,0.6919999718666077,0.6940000057220459,0.6449999809265137,0.699999988079071,0.6830000281333923,0.722000002861023,0.7250000238418579,0.5120000243186951,0.3799999952316284,0.4779999852180481,0.43799999356269836,0.40799999237060547,0.40400001406669617,0.40400001406669617,0.24699999392032623,0.32199999690055847,0.27900001406669617,0.36500000953674316,0.4740000069141388,0.38999998569488525],[0.39100000262260437,0.3779999911785126,0.3779999911785126,0.3790000081062317,0.3790000081062317,0.3790000081062317,0.3790000081062317,0.3790000081062317,0.38999998569488525,0.3869999945163727,0.2280000001192093,0.6430000066757202,1.0,0.9559999704360962,0.9769999980926514,0.9789999723434448,0.9789999723434448,0.9789999723434448,0.9679999947547913,0.968999981880188,0.9750000238418579,0.9710000157356262,0.972000002861023,0.9729999899864197,0.9729999899864197,0.9739999771118164,0.9100000262260437,0.9169999957084656,0.9169999957084656,0.9139999747276306,0.7490000128746033,0.7459999918937683,0.7609999775886536,0.7200000286102295,0.7260000109672546,0.5979999899864197,0.4690000116825104,0.4779999852180481,0.3779999911785126,0.4230000078678131,0.42899999022483826,0.42899999022483826,0.24699999392032623,0.3479999899864197,0.32199999690055847,0.2720000147819519,0.34200000762939453,0.2879999876022339],[0.38600000739097595,0.3709999918937683,0.3720000088214874,0.3720000088214874,0.3720000088214874,0.3720000088214874,0.3720000088214874,0.3720000088214874,0.38100001215934753,0.3779999911785126,0.2280000001192093,0.6570000052452087,0.9559999704360962,1.0,0.9710000157356262,0.9739999771118164,0.9729999899864197,0.9729999899864197,0.9819999933242798,0.9819999933242798,0.9769999980926514,0.9810000061988831,0.9810000061988831,0.9810000061988831,0.9800000190734863,0.9789999723434448,0.9089999794960022,0.9139999747276306,0.9259999990463257,0.9229999780654907,0.7419999837875366,0.7590000033378601,0.7770000100135803,0.7319999933242798,0.7379999756813049,0.6110000014305115,0.4819999933242798,0.492000013589859,0.3930000066757202,0.43799999356269836,0.4429999887943268,0.4429999887943268,0.24300000071525574,0.36500000953674316,0.3179999887943268,0.28600001335144043,0.35600000619888306,0.30300000309944153],[0.38499999046325684,0.3709999918937683,0.3709999918937683,0.3720000088214874,0.3720000088214874,0.3720000088214874,0.3720000088214874,0.3720000088214874,0.38100001215934753,0.3790000081062317,0.2240000069141388,0.6600000262260437,0.9769999980926514,0.9710000157356262,1.0,0.9929999709129333,0.9940000176429749,0.9940000176429749,0.9829999804496765,0.9850000143051147,0.9900000095367432,0.9869999885559082,0.9879999756813049,0.9879999756813049,0.9879999756813049,0.9890000224113464,0.9100000262260437,0.9359999895095825,0.9330000281333923,0.9300000071525574,0.7369999885559082,0.7609999775886536,0.7760000228881836,0.7350000143051147,0.7400000095367432,0.6100000143051147,0.4819999933242798,0.49300000071525574,0.39399999380111694,0.43799999356269836,0.4440000057220459,0.4440000057220459,0.24400000274181366,0.3630000054836273,0.31700000166893005,0.28700000047683716,0.3580000102519989,0.30399999022483826],[0.38499999046325684,0.3720000088214874,0.3720000088214874,0.37299999594688416,0.37299999594688416,0.3720000088214874,0.37299999594688416,0.37299999594688416,0.3840000033378601,0.38100001215934753,0.22300000488758087,0.6600000262260437,0.9789999723434448,0.9739999771118164,0.9929999709129333,1.0,0.9959999918937683,0.9959999918937683,0.9850000143051147,0.9860000014305115,0.9929999709129333,0.9890000224113464,0.9900000095367432,0.9909999966621399,0.9909999966621399,0.9909999966621399,0.9120000004768372,0.9340000152587891,0.9340000152587891,0.9309999942779541,0.7369999885559082,0.7599999904632568,0.7739999890327454,0.7329999804496765,0.7390000224113464,0.6100000143051147,0.48100000619888306,0.4909999966621399,0.3930000066757202,0.43700000643730164,0.4429999887943268,0.44200000166893005,0.24199999868869781,0.3619999885559082,0.31700000166893005,0.28700000047683716,0.3580000102519989,0.30399999022483826],[0.3840000033378601,0.3720000088214874,0.3720000088214874,0.3720000088214874,0.37299999594688416,0.3720000088214874,0.3720000088214874,0.3720000088214874,0.382999986410141,0.38100001215934753,0.2240000069141388,0.6600000262260437,0.9789999723434448,0.9729999899864197,0.9940000176429749,0.9959999918937683,1.0,0.996999979019165,0.9860000014305115,0.9869999885559082,0.9940000176429749,0.9890000224113464,0.9900000095367432,0.9909999966621399,0.9919999837875366,0.9919999837875366,0.9120000004768372,0.9350000023841858,0.9350000023841858,0.9319999814033508,0.7379999756813049,0.7599999904632568,0.7739999890327454,0.7329999804496765,0.7400000095367432,0.6110000014305115,0.4819999933242798,0.492000013589859,0.3930000066757202,0.43799999356269836,0.4440000057220459,0.4429999887943268,0.24300000071525574,0.3619999885559082,0.31700000166893005,0.28700000047683716,0.3569999933242798,0.30399999022483826],[0.3840000033378601,0.3720000088214874,0.3720000088214874,0.3720000088214874,0.3720000088214874,0.3720000088214874,0.3720000088214874,0.3720000088214874,0.382999986410141,0.3799999952316284,0.2240000069141388,0.6589999794960022,0.9789999723434448,0.9729999899864197,0.9940000176429749,0.9959999918937683,0.996999979019165,1.0,0.9850000143051147,0.9869999885559082,0.9940000176429749,0.9890000224113464,0.9900000095367432,0.9909999966621399,0.9909999966621399,0.9909999966621399,0.9129999876022339,0.9359999895095825,0.9350000023841858,0.9319999814033508,0.7369999885559082,0.7599999904632568,0.7739999890327454,0.7329999804496765,0.7390000224113464,0.6110000014305115,0.4819999933242798,0.492000013589859,0.3930000066757202,0.43799999356269836,0.4440000057220459,0.4429999887943268,0.24300000071525574,0.3619999885559082,0.31700000166893005,0.28700000047683716,0.3569999933242798,0.30399999022483826],[0.38100001215934753,0.36800000071525574,0.36899998784065247,0.36899998784065247,0.36899998784065247,0.36800000071525574,0.36899998784065247,0.36899998784065247,0.3790000081062317,0.37700000405311584,0.23000000417232513,0.6549999713897705,0.9679999947547913,0.9819999933242798,0.9829999804496765,0.9850000143051147,0.9860000014305115,0.9850000143051147,1.0,0.9950000047683716,0.9900000095367432,0.9929999709129333,0.9929999709129333,0.9929999709129333,0.9929999709129333,0.9919999837875366,0.9129999876022339,0.9259999990463257,0.9369999766349792,0.9350000023841858,0.7429999709129333,0.7630000114440918,0.7789999842643738,0.7390000224113464,0.7440000176429749,0.6179999709129333,0.4880000054836273,0.4970000088214874,0.39399999380111694,0.4410000145435333,0.4480000138282776,0.44699999690055847,0.24500000476837158,0.36399999260902405,0.3190000057220459,0.2849999964237213,0.35600000619888306,0.3019999861717224],[0.3799999952316284,0.36800000071525574,0.36800000071525574,0.36899998784065247,0.36899998784065247,0.36800000071525574,0.36899998784065247,0.36899998784065247,0.3790000081062317,0.37700000405311584,0.23199999332427979,0.6549999713897705,0.968999981880188,0.9819999933242798,0.9850000143051147,0.9860000014305115,0.9869999885559082,0.9869999885559082,0.9950000047683716,1.0,0.9909999966621399,0.9950000047683716,0.9950000047683716,0.9950000047683716,0.9940000176429749,0.9929999709129333,0.9129999876022339,0.9259999990463257,0.9390000104904175,0.9359999895095825,0.7450000047683716,0.7639999985694885,0.7799999713897705,0.7390000224113464,0.7450000047683716,0.6169999837875366,0.4880000054836273,0.4970000088214874,0.39399999380111694,0.44200000166893005,0.4490000009536743,0.4480000138282776,0.24500000476837158,0.36500000953674316,0.3199999928474426,0.28600001335144043,0.35499998927116394,0.3019999861717224],[0.382999986410141,0.3709999918937683,0.3709999918937683,0.3709999918937683,0.3720000088214874,0.3709999918937683,0.3709999918937683,0.3709999918937683,0.38199999928474426,0.3799999952316284,0.22599999606609344,0.6589999794960022,0.9750000238418579,0.9769999980926514,0.9900000095367432,0.9929999709129333,0.9940000176429749,0.9940000176429749,0.9900000095367432,0.9909999966621399,1.0,0.9929999709129333,0.9940000176429749,0.9950000047683716,0.9940000176429749,0.9929999709129333,0.9150000214576721,0.9319999814033508,0.9390000104904175,0.9350000023841858,0.7400000095367432,0.7609999775886536,0.7760000228881836,0.7350000143051147,0.7409999966621399,0.6129999756813049,0.48399999737739563,0.49399998784065247,0.39399999380111694,0.4399999976158142,0.44600000977516174,0.4449999928474426,0.24400000274181366,0.3630000054836273,0.3179999887943268,0.28600001335144043,0.3580000102519989,0.30399999022483826],[0.38199999928474426,0.36899998784065247,0.36899998784065247,0.36899998784065247,0.3700000047683716,0.36899998784065247,0.36899998784065247,0.36899998784065247,0.3799999952316284,0.3779999911785126,0.2290000021457672,0.656000018119812,0.9710000157356262,0.9810000061988831,0.9869999885559082,0.9890000224113464,0.9890000224113464,0.9890000224113464,0.9929999709129333,0.9950000047683716,0.9929999709129333,1.0,0.9980000257492065,0.9980000257492065,0.996999979019165,0.9950000047683716,0.9150000214576721,0.9290000200271606,0.9409999847412109,0.9390000104904175,0.7429999709129333,0.7630000114440918,0.777999997138977,0.7379999756813049,0.7440000176429749,0.6159999966621399,0.4869999885559082,0.4959999918937683,0.39399999380111694,0.4410000145435333,0.4480000138282776,0.44699999690055847,0.24500000476837158,0.36399999260902405,0.3190000057220459,0.28600001335144043,0.35600000619888306,0.3019999861717224],[0.38199999928474426,0.36899998784065247,0.36899998784065247,0.3700000047683716,0.3700000047683716,0.36899998784065247,0.3700000047683716,0.3700000047683716,0.3799999952316284,0.3779999911785126,0.23000000417232513,0.656000018119812,0.972000002861023,0.9810000061988831,0.9879999756813049,0.9900000095367432,0.9900000095367432,0.9900000095367432,0.9929999709129333,0.9950000047683716,0.9940000176429749,0.9980000257492065,1.0,0.9990000128746033,0.996999979019165,0.9959999918937683,0.9150000214576721,0.9290000200271606,0.9409999847412109,0.9390000104904175,0.7429999709129333,0.7630000114440918,0.7789999842643738,0.7379999756813049,0.7440000176429749,0.6159999966621399,0.4869999885559082,0.4970000088214874,0.39500001072883606,0.4410000145435333,0.4480000138282776,0.44699999690055847,0.24500000476837158,0.36399999260902405,0.3190000057220459,0.28600001335144043,0.35600000619888306,0.30300000309944153],[0.38199999928474426,0.36899998784065247,0.36899998784065247,0.3700000047683716,0.3700000047683716,0.3700000047683716,0.3700000047683716,0.3700000047683716,0.38100001215934753,0.3779999911785126,0.2290000021457672,0.6570000052452087,0.9729999899864197,0.9810000061988831,0.9879999756813049,0.9909999966621399,0.9909999966621399,0.9909999966621399,0.9929999709129333,0.9950000047683716,0.9950000047683716,0.9980000257492065,0.9990000128746033,1.0,0.996999979019165,0.996999979019165,0.9150000214576721,0.9290000200271606,0.9409999847412109,0.9390000104904175,0.7429999709129333,0.7630000114440918,0.7789999842643738,0.7379999756813049,0.7440000176429749,0.6159999966621399,0.4869999885559082,0.4959999918937683,0.39500001072883606,0.4410000145435333,0.4480000138282776,0.44699999690055847,0.24500000476837158,0.36399999260902405,0.3190000057220459,0.28600001335144043,0.35600000619888306,0.30300000309944153],[0.38199999928474426,0.36899998784065247,0.3700000047683716,0.3700000047683716,0.3700000047683716,0.3700000047683716,0.3700000047683716,0.3700000047683716,0.38100001215934753,0.3779999911785126,0.2290000021457672,0.656000018119812,0.9729999899864197,0.9800000190734863,0.9879999756813049,0.9909999966621399,0.9919999837875366,0.9909999966621399,0.9929999709129333,0.9940000176429749,0.9940000176429749,0.996999979019165,0.996999979019165,0.996999979019165,1.0,0.996999979019165,0.9150000214576721,0.9300000071525574,0.9409999847412109,0.9380000233650208,0.7419999837875366,0.7630000114440918,0.777999997138977,0.7369999885559082,0.7429999709129333,0.6150000095367432,0.4869999885559082,0.4959999918937683,0.39500001072883606,0.4410000145435333,0.44699999690055847,0.44699999690055847,0.24400000274181366,0.36399999260902405,0.3190000057220459,0.28600001335144043,0.35600000619888306,0.30300000309944153],[0.38199999928474426,0.36899998784065247,0.3700000047683716,0.3700000047683716,0.3700000047683716,0.3700000047683716,0.3700000047683716,0.3700000047683716,0.38100001215934753,0.3779999911785126,0.2280000001192093,0.656000018119812,0.9739999771118164,0.9789999723434448,0.9890000224113464,0.9909999966621399,0.9919999837875366,0.9909999966621399,0.9919999837875366,0.9929999709129333,0.9929999709129333,0.9950000047683716,0.9959999918937683,0.996999979019165,0.996999979019165,1.0,0.9139999747276306,0.9300000071525574,0.9399999976158142,0.9369999766349792,0.7419999837875366,0.7620000243186951,0.7770000100135803,0.7369999885559082,0.7429999709129333,0.6150000095367432,0.4860000014305115,0.4950000047683716,0.39500001072883606,0.4399999976158142,0.44699999690055847,0.44600000977516174,0.24500000476837158,0.36399999260902405,0.3190000057220459,0.28600001335144043,0.35600000619888306,0.30300000309944153],[0.39100000262260437,0.4000000059604645,0.4000000059604645,0.4000000059604645,0.4009999930858612,0.4000000059604645,0.4000000059604645,0.4000000059604645,0.40700000524520874,0.40799999237060547,0.18700000643730164,0.6850000023841858,0.9100000262260437,0.9089999794960022,0.9100000262260437,0.9120000004768372,0.9120000004768372,0.9129999876022339,0.9129999876022339,0.9129999876022339,0.9150000214576721,0.9150000214576721,0.9150000214576721,0.9150000214576721,0.9150000214576721,0.9139999747276306,1.0,0.968999981880188,0.968999981880188,0.9729999899864197,0.6949999928474426,0.7910000085830688,0.718999981880188,0.7599999904632568,0.7649999856948853,0.5590000152587891,0.42899999022483826,0.5070000290870667,0.40299999713897705,0.44999998807907104,0.4560000002384186,0.45500001311302185,0.2549999952316284,0.3149999976158142,0.28200000524520874,0.2930000126361847,0.32899999618530273,0.3059999942779541],[0.38600000739097595,0.3959999978542328,0.3959999978542328,0.3970000147819519,0.3970000147819519,0.3970000147819519,0.3970000147819519,0.3970000147819519,0.4009999930858612,0.40299999713897705,0.18700000643730164,0.6990000009536743,0.9169999957084656,0.9139999747276306,0.9359999895095825,0.9340000152587891,0.9350000023841858,0.9359999895095825,0.9259999990463257,0.9259999990463257,0.9319999814033508,0.9290000200271606,0.9290000200271606,0.9290000200271606,0.9300000071525574,0.9300000071525574,0.968999981880188,1.0,0.9860000014305115,0.9890000224113464,0.6930000185966492,0.8029999732971191,0.7289999723434448,0.7720000147819519,0.777999997138977,0.5649999976158142,0.4350000023841858,0.5189999938011169,0.41600000858306885,0.4620000123977661,0.46799999475479126,0.46799999475479126,0.25699999928474426,0.32499998807907104,0.2840000092983246,0.30399999022483826,0.3409999907016754,0.31700000166893005],[0.38499999046325684,0.39100000262260437,0.3919999897480011,0.3919999897480011,0.3919999897480011,0.3919999897480011,0.3919999897480011,0.3919999897480011,0.4009999930858612,0.4009999930858612,0.1940000057220459,0.6919999718666077,0.9169999957084656,0.9259999990463257,0.9330000281333923,0.9340000152587891,0.9350000023841858,0.9350000023841858,0.9369999766349792,0.9390000104904175,0.9390000104904175,0.9409999847412109,0.9409999847412109,0.9409999847412109,0.9409999847412109,0.9399999976158142,0.968999981880188,0.9860000014305115,1.0,0.9950000047683716,0.699999988079071,0.8019999861717224,0.7350000143051147,0.7730000019073486,0.7799999713897705,0.5740000009536743,0.4440000057220459,0.5210000276565552,0.41499999165534973,0.46299999952316284,0.4699999988079071,0.4690000116825104,0.25699999928474426,0.32899999618530273,0.28700000047683716,0.3009999990463257,0.33799999952316284,0.3140000104904175],[0.3840000033378601,0.3919999897480011,0.3930000066757202,0.3930000066757202,0.3930000066757202,0.3930000066757202,0.3930000066757202,0.3930000066757202,0.4000000059604645,0.4020000100135803,0.19200000166893005,0.6940000057220459,0.9139999747276306,0.9229999780654907,0.9300000071525574,0.9309999942779541,0.9319999814033508,0.9319999814033508,0.9350000023841858,0.9359999895095825,0.9350000023841858,0.9390000104904175,0.9390000104904175,0.9390000104904175,0.9380000233650208,0.9369999766349792,0.9729999899864197,0.9890000224113464,0.9950000047683716,1.0,0.6980000138282776,0.8050000071525574,0.7329999804496765,0.7749999761581421,0.7820000052452087,0.5720000267028809,0.44200000166893005,0.5230000019073486,0.41600000858306885,0.46399998664855957,0.47099998593330383,0.4699999988079071,0.257999986410141,0.3269999921321869,0.2849999964237213,0.3019999861717224,0.33899998664855957,0.3149999976158142],[0.3370000123977661,0.3230000138282776,0.32199999690055847,0.32199999690055847,0.3230000138282776,0.32199999690055847,0.32199999690055847,0.32199999690055847,0.3240000009536743,0.32100000977516174,0.3529999852180481,0.6449999809265137,0.7490000128746033,0.7419999837875366,0.7369999885559082,0.7369999885559082,0.7379999756813049,0.7369999885559082,0.7429999709129333,0.7450000047683716,0.7400000095367432,0.7429999709129333,0.7429999709129333,0.7429999709129333,0.7419999837875366,0.7419999837875366,0.6949999928474426,0.6930000185966492,0.699999988079071,0.6980000138282776,1.0,0.7929999828338623,0.9100000262260437,0.847000002861023,0.8529999852180481,0.7229999899864197,0.5960000157356262,0.5759999752044678,0.4350000023841858,0.5019999742507935,0.5130000114440918,0.5120000243186951,0.35199999809265137,0.45899999141693115,0.4259999990463257,0.3019999861717224,0.3400000035762787,0.26499998569488525],[0.33899998664855957,0.3479999899864197,0.3490000069141388,0.3490000069141388,0.3490000069141388,0.3490000069141388,0.3490000069141388,0.3490000069141388,0.3449999988079071,0.34599998593330383,0.27300000190734863,0.699999988079071,0.7459999918937683,0.7590000033378601,0.7609999775886536,0.7599999904632568,0.7599999904632568,0.7599999904632568,0.7630000114440918,0.7639999985694885,0.7609999775886536,0.7630000114440918,0.7630000114440918,0.7630000114440918,0.7630000114440918,0.7620000243186951,0.7910000085830688,0.8029999732971191,0.8019999861717224,0.8050000071525574,0.7929999828338623,1.0,0.8460000157356262,0.890999972820282,0.8960000276565552,0.6600000262260437,0.531000018119812,0.6100000143051147,0.47200000286102295,0.5419999957084656,0.5529999732971191,0.5540000200271606,0.32499998807907104,0.4099999964237213,0.3580000102519989,0.33399999141693115,0.34599998593330383,0.31200000643730164],[0.31700000166893005,0.3009999990463257,0.3009999990463257,0.3009999990463257,0.3009999990463257,0.3009999990463257,0.3009999990463257,0.3009999990463257,0.3009999990463257,0.29899999499320984,0.3449999988079071,0.6830000281333923,0.7609999775886536,0.7770000100135803,0.7760000228881836,0.7739999890327454,0.7739999890327454,0.7739999890327454,0.7789999842643738,0.7799999713897705,0.7760000228881836,0.777999997138977,0.7789999842643738,0.7789999842643738,0.777999997138977,0.7770000100135803,0.718999981880188,0.7289999723434448,0.7350000143051147,0.7329999804496765,0.9100000262260437,0.8460000157356262,1.0,0.9129999876022339,0.9129999876022339,0.7839999794960022,0.6579999923706055,0.6290000081062317,0.4819999933242798,0.5540000200271606,0.5649999976158142,0.5640000104904175,0.34700000286102295,0.4970000088214874,0.4309999942779541,0.34299999475479126,0.38199999928474426,0.3089999854564667],[0.3149999976158142,0.3149999976158142,0.3149999976158142,0.3149999976158142,0.3149999976158142,0.3149999976158142,0.3149999976158142,0.3149999976158142,0.3149999976158142,0.3160000145435333,0.3019999861717224,0.722000002861023,0.7200000286102295,0.7319999933242798,0.7350000143051147,0.7329999804496765,0.7329999804496765,0.7329999804496765,0.7390000224113464,0.7390000224113464,0.7350000143051147,0.7379999756813049,0.7379999756813049,0.7379999756813049,0.7369999885559082,0.7369999885559082,0.7599999904632568,0.7720000147819519,0.7730000019073486,0.7749999761581421,0.847000002861023,0.890999972820282,0.9129999876022339,1.0,0.9769999980926514,0.7390000224113464,0.6079999804496765,0.6650000214576721,0.5130000114440918,0.5870000123977661,0.6000000238418579,0.5979999899864197,0.3659999966621399,0.4519999921321869,0.3889999985694885,0.36399999260902405,0.3709999918937683,0.32199999690055847],[0.3160000145435333,0.31700000166893005,0.31700000166893005,0.3160000145435333,0.31700000166893005,0.31700000166893005,0.31700000166893005,0.31700000166893005,0.3190000057220459,0.3199999928474426,0.3019999861717224,0.7250000238418579,0.7260000109672546,0.7379999756813049,0.7400000095367432,0.7390000224113464,0.7400000095367432,0.7390000224113464,0.7440000176429749,0.7450000047683716,0.7409999966621399,0.7440000176429749,0.7440000176429749,0.7440000176429749,0.7429999709129333,0.7429999709129333,0.7649999856948853,0.777999997138977,0.7799999713897705,0.7820000052452087,0.8529999852180481,0.8960000276565552,0.9129999876022339,0.9769999980926514,1.0,0.7369999885559082,0.6100000143051147,0.6710000038146973,0.5139999985694885,0.5910000205039978,0.6029999852180481,0.6010000109672546,0.3659999966621399,0.453000009059906,0.39399999380111694,0.36500000953674316,0.37299999594688416,0.3240000009536743],[0.17900000512599945,0.15600000321865082,0.15600000321865082,0.1550000011920929,0.15600000321865082,0.1550000011920929,0.1550000011920929,0.1550000011920929,0.16300000250339508,0.16099999845027924,0.3700000047683716,0.5120000243186951,0.5979999899864197,0.6110000014305115,0.6100000143051147,0.6100000143051147,0.6110000014305115,0.6110000014305115,0.6179999709129333,0.6169999837875366,0.6129999756813049,0.6159999966621399,0.6159999966621399,0.6159999966621399,0.6150000095367432,0.6150000095367432,0.5590000152587891,0.5649999976158142,0.5740000009536743,0.5720000267028809,0.7229999899864197,0.6600000262260437,0.7839999794960022,0.7390000224113464,0.7369999885559082,1.0,0.8209999799728394,0.6620000004768372,0.5299999713897705,0.6119999885559082,0.6230000257492065,0.6230000257492065,0.3720000088214874,0.5339999794960022,0.45899999141693115,0.3720000088214874,0.4129999876022339,0.3310000002384186],[0.03999999910593033,0.019999999552965164,0.01899999938905239,0.01899999938905239,0.01899999938905239,0.01899999938905239,0.01899999938905239,0.01899999938905239,0.027000000700354576,0.024000000208616257,0.4440000057220459,0.3799999952316284,0.4690000116825104,0.4819999933242798,0.4819999933242798,0.48100000619888306,0.4819999933242798,0.4819999933242798,0.4880000054836273,0.4880000054836273,0.48399999737739563,0.4869999885559082,0.4869999885559082,0.4869999885559082,0.4869999885559082,0.4860000014305115,0.42899999022483826,0.4350000023841858,0.4440000057220459,0.44200000166893005,0.5960000157356262,0.531000018119812,0.6579999923706055,0.6079999804496765,0.6100000143051147,0.8209999799728394,1.0,0.6830000281333923,0.640999972820282,0.7400000095367432,0.7549999952316284,0.7540000081062317,0.45100000500679016,0.6460000276565552,0.5540000200271606,0.44999998807907104,0.5,0.4000000059604645],[0.07199999690055847,0.07000000029802322,0.07000000029802322,0.07000000029802322,0.07000000029802322,0.07000000029802322,0.07000000029802322,0.07000000029802322,0.07000000029802322,0.07000000029802322,0.35199999809265137,0.4779999852180481,0.4779999852180481,0.492000013589859,0.49300000071525574,0.4909999966621399,0.492000013589859,0.492000013589859,0.4970000088214874,0.4970000088214874,0.49399998784065247,0.4959999918937683,0.4970000088214874,0.4959999918937683,0.4959999918937683,0.4950000047683716,0.5070000290870667,0.5189999938011169,0.5210000276565552,0.5230000019073486,0.5759999752044678,0.6100000143051147,0.6290000081062317,0.6650000214576721,0.6710000038146973,0.6620000004768372,0.6830000281333923,1.0,0.6769999861717224,0.7630000114440918,0.7760000228881836,0.7739999890327454,0.5,0.593999981880188,0.5360000133514404,0.4959999918937683,0.5019999742507935,0.453000009059906],[0.0010000000474974513,0.0,0.0,0.0,0.0,0.0,0.0,0.0,0.0,0.0,0.2980000078678131,0.43799999356269836,0.3779999911785126,0.3930000066757202,0.39399999380111694,0.3930000066757202,0.3930000066757202,0.3930000066757202,0.39399999380111694,0.39399999380111694,0.39399999380111694,0.39399999380111694,0.39500001072883606,0.39500001072883606,0.39500001072883606,0.39500001072883606,0.40299999713897705,0.41600000858306885,0.41499999165534973,0.41600000858306885,0.4350000023841858,0.47200000286102295,0.4819999933242798,0.5130000114440918,0.5139999985694885,0.5299999713897705,0.640999972820282,0.6769999861717224,1.0,0.8640000224113464,0.8420000076293945,0.8489999771118164,0.49399998784065247,0.5950000286102295,0.5099999904632568,0.6930000185966492,0.6439999938011169,0.6029999852180481],[0.0020000000949949026,0.0010000000474974513,0.0010000000474974513,0.0010000000474974513,0.0010000000474974513,0.0010000000474974513,0.0010000000474974513,0.0010000000474974513,0.0010000000474974513,0.0010000000474974513,0.37400001287460327,0.40799999237060547,0.4230000078678131,0.43799999356269836,0.43799999356269836,0.43700000643730164,0.43799999356269836,0.43799999356269836,0.4410000145435333,0.44200000166893005,0.4399999976158142,0.4410000145435333,0.4410000145435333,0.4410000145435333,0.4410000145435333,0.4399999976158142,0.44999998807907104,0.4620000123977661,0.46299999952316284,0.46399998664855957,0.5019999742507935,0.5419999957084656,0.5540000200271606,0.5870000123977661,0.5910000205039978,0.6119999885559082,0.7400000095367432,0.7630000114440918,0.8640000224113464,1.0,0.9700000286102295,0.9789999723434448,0.5490000247955322,0.652999997138977,0.5619999766349792,0.6069999933242798,0.5709999799728394,0.5289999842643738],[0.0010000000474974513,0.0010000000474974513,0.0010000000474974513,0.0010000000474974513,0.0010000000474974513,0.0010000000474974513,0.0010000000474974513,0.0010000000474974513,0.0010000000474974513,0.0010000000474974513,0.382999986410141,0.40400001406669617,0.42899999022483826,0.4429999887943268,0.4440000057220459,0.4429999887943268,0.4440000057220459,0.4440000057220459,0.4480000138282776,0.4490000009536743,0.44600000977516174,0.4480000138282776,0.4480000138282776,0.4480000138282776,0.44699999690055847,0.44699999690055847,0.4560000002384186,0.46799999475479126,0.4699999988079071,0.47099998593330383,0.5130000114440918,0.5529999732971191,0.5649999976158142,0.6000000238418579,0.6029999852180481,0.6230000257492065,0.7549999952316284,0.7760000228881836,0.8420000076293945,0.9700000286102295,1.0,0.9850000143051147,0.5540000200271606,0.6629999876022339,0.5709999799728394,0.5899999737739563,0.5609999895095825,0.5199999809265137],[0.0020000000949949026,0.0,0.0010000000474974513,0.0010000000474974513,0.0010000000474974513,0.0010000000474974513,0.0010000000474974513,0.0010000000474974513,0.0010000000474974513,0.0010000000474974513,0.38499999046325684,0.40400001406669617,0.42899999022483826,0.4429999887943268,0.4440000057220459,0.44200000166893005,0.4429999887943268,0.4429999887943268,0.44699999690055847,0.4480000138282776,0.4449999928474426,0.44699999690055847,0.44699999690055847,0.44699999690055847,0.44699999690055847,0.44600000977516174,0.45500001311302185,0.46799999475479126,0.4690000116825104,0.4699999988079071,0.5120000243186951,0.5540000200271606,0.5640000104904175,0.5979999899864197,0.6010000109672546,0.6230000257492065,0.7540000081062317,0.7739999890327454,0.8489999771118164,0